0 0.753125 0.92890625 0.03984375 0.015625
0 0.659375 0.890625 0.0421875 0.021875
0 0.48125 0.8609375 0.05078125 0.0125
0 0.45546875 0.80078125 0.03984375 0.01953125
0 0.71953125 0.6015625 0.03046875 0.01640625
0 0.36328125 0.56796875 0.034375 0.0234375
0 0.65859375 0.5015625 0.02578125 0.021875
0 0.81484375 0.4984375 0.03515625 0.025
0 0.8921875 0.56171875 0.03203125 0.025
0 0.36875 0.41796875 0.090625 0.02265625
0 0.49140625 0.4234375 0.03046875 0.021875
0 0.49765625 0.3796875 0.0609375 0.01171875
0 0.63125 0.44375 0.0515625 0.021875
0 0.92421875 0.38515625 0.0265625 0.0234375
0 0.621875 0.3515625 0.0171875 0.0125
0 0.59375 0.20078125 0.021875 0.028125
0 0.62265625 0.1671875 0.0265625 0.01328125
0 0.76796875 0.0578125 0.02109375 0.0125