0 0.67578125 0.85 0.0421875 0.01484375
0 0.53203125 0.7890625 0.05625 0.015625
0 0.734375 0.765625 0.0375 0.021875
0 0.7546875 0.74609375 0.04765625 0.02265625
0 0.7015625 0.7140625 0.04609375 0.02109375
0 0.40625 0.6546875 0.046875 0.01484375
0 0.80234375 0.590625 0.02265625 0.01640625
0 0.446875 0.5296875 0.0390625 0.0125
0 0.43984375 0.4671875 0.04609375 0.01796875
0 0.56640625 0.36328125 0.0328125 0.01796875
0 0.4640625 0.33828125 0.07109375 0.01640625
0 0.80625 0.3671875 0.0203125 0.01796875
0 0.4859375 0.23828125 0.0453125 0.01328125
0 0.60390625 0.08671875 0.0359375 0.02265625