0 0.56953125 0.46875 0.0484375 0.0296875
0 0.86953125 0.4484375 0.05234375 0.03125
0 0.7140625 0.50390625 0.059375 0.03828125
0 0.86640625 0.5328125 0.06640625 0.0359375
0 0.67890625 0.67734375 0.0421875 0.021875
0 0.83203125 0.63046875 0.04921875 0.03125
0 0.7578125 0.72421875 0.053125 0.0296875
0 0.85625 0.66328125 0.04765625 0.02421875
0 0.60625 0.68203125 0.0328125 0.02421875
0 0.8515625 0.84765625 0.05546875 0.0265625
0 0.825 0.79609375 0.04765625 0.02109375
0 0.81171875 0.75703125 0.05859375 0.021875
0 0.90234375 0.82734375 0.0578125 0.0375
0 0.740625 0.8671875 0.046875 0.021875