0 0.41953125 0.2984375 0.05859375 0.02578125
0 0.46484375 0.33125 0.0453125 0.021875
0 0.57578125 0.43359375 0.040625 0.0203125
0 0.71015625 0.39453125 0.028125 0.02265625
0 0.74140625 0.54140625 0.03046875 0.01796875
0 0.3390625 0.58125 0.03359375 0.02109375
0 0.40859375 0.609375 0.04765625 0.025
0 0.3046875 0.6671875 0.0546875 0.0234375
0 0.3078125 0.6453125 0.04921875 0.01796875
0 0.33671875 0.6578125 0.0609375 0.02265625
0 0.20625 0.65546875 0.07265625 0.0171875
0 0.71171875 0.77265625 0.04921875 0.02109375
0 0.69296875 0.753125 0.0375 0.01640625
0 0.5796875 0.80859375 0.05078125 0.03046875
0 0.49375 0.87265625 0.0609375 0.0265625
0 0.3734375 0.8890625 0.03359375 0.0296875
0 0.4140625 0.9 0.03984375 0.021875