0 0.37421875 0.53203125 0.034375 0.0140625
0 0.8515625 0.4734375 0.0453125 0.01796875
0 0.8359375 0.6015625 0.05234375 0.0296875
0 0.271875 0.7703125 0.04140625 0.01875
0 0.2921875 0.73671875 0.04453125 0.0171875
0 0.38203125 0.7328125 0.025 0.015625
0 0.4171875 0.71953125 0.03046875 0.02265625
0 0.60625 0.7453125 0.0359375 0.021875
0 0.440625 0.8765625 0.04140625 0.0265625
0 0.546875 0.96015625 0.04921875 0.0171875
0 0.709375 0.94921875 0.0375 0.01796875
0 0.6984375 0.92578125 0.046875 0.015625
0 0.2640625 0.91953125 0.04375 0.01328125
0 0.45703125 0.534375 0.03515625 0.028125