0 0.4671875 0.14375 0.03203125 0.01015625
0 0.490625 0.128125 0.0390625 0.01875
0 0.540625 0.1234375 0.04921875 0.01796875
0 0.6625 0.18046875 0.028125 0.01875
0 0.52421875 0.259375 0.0234375 0.02421875
0 0.80390625 0.2203125 0.0609375 0.01953125
0 0.89375 0.18046875 0.03984375 0.01640625
0 0.890625 0.25078125 0.03203125 0.0234375
0 0.75546875 0.36796875 0.03046875 0.01328125
0 0.81875 0.334375 0.05234375 0.0203125
0 0.86171875 0.2953125 0.05234375 0.015625
0 0.88828125 0.365625 0.0609375 0.0203125
0 0.903125 0.340625 0.040625 0.01875
0 0.89453125 0.315625 0.03828125 0.01640625
0 0.91875 0.28515625 0.034375 0.0203125
0 0.54921875 0.37578125 0.02578125 0.01171875
0 0.59609375 0.3875 0.0328125 0.0140625
0 0.63828125 0.41015625 0.0421875 0.0125
0 0.66796875 0.4484375 0.02265625 0.01796875
0 0.72734375 0.43359375 0.0421875 0.015625
0 0.72265625 0.41953125 0.03359375 0.01328125
0 0.75859375 0.4390625 0.03359375 0.01171875
0 0.33984375 0.440625 0.05546875 0.0171875
0 0.56328125 0.53359375 0.0515625 0.0234375
0 0.5890625 0.4953125 0.05 0.0203125
0 0.865625 0.52421875 0.04765625 0.01640625
0 0.6765625 0.5859375 0.04921875 0.0203125
0 0.66796875 0.565625 0.0390625 0.01640625
0 0.6890625 0.5515625 0.03984375 0.021875
0 0.45 0.70390625 0.02265625 0.009375
0 0.53046875 0.6859375 0.02578125 0.009375
0 0.55859375 0.653125 0.06328125 0.02109375
0 0.55 0.61484375 0.03125 0.0109375
0 0.38515625 0.58046875 0.0546875 0.015625
0 0.3234375 0.63984375 0.03515625 0.0296875
0 0.75390625 0.6328125 0.01171875 0.0109375
0 0.91015625 0.646875 0.0265625 0.01171875
0 0.9125 0.621875 0.0328125 0.02265625
0 0.92265625 0.6765625 0.0234375 0.01015625
0 0.82421875 0.6875 0.0453125 0.0140625
0 0.8953125 0.721875 0.0296875 0.0140625
0 0.625 0.659375 0.0171875 0.0109375
0 0.33359375 0.71484375 0.03671875 0.01328125
0 0.54765625 0.77890625 0.0203125 0.0125
0 0.628125 0.7265625 0.03046875 0.01484375
0 0.6921875 0.83984375 0.03125 0.009375
0 0.71171875 0.80703125 0.02421875 0.0078125
0 0.7453125 0.78984375 0.0203125 0.0125
0 0.78203125 0.77265625 0.05078125 0.01640625
0 0.88046875 0.81328125 0.02734375 0.0171875
0 0.27578125 0.90078125 0.02578125 0.0109375
0 0.34609375 0.89921875 0.02734375 0.0125
0 0.27734375 0.88828125 0.03828125 0.01328125
0 0.3515625 0.8640625 0.04140625 0.01640625
0 0.446875 0.9609375 0.01875 0.01484375
0 0.84453125 0.87421875 0.04296875 0.01484375
0 0.89375 0.9234375 0.0265625 0.015625