0 0.74609375 0.803125 0.03203125 0.01328125
0 0.72578125 0.928125 0.03671875 0.0125
0 0.759375 0.9375 0.0359375 0.01171875
0 0.70859375 0.915625 0.03671875 0.00703125
0 0.76171875 0.915625 0.03046875 0.0078125
0 0.7796875 0.89609375 0.03046875 0.00703125
0 0.79609375 0.8859375 0.03671875 0.01484375
0 0.63828125 0.97890625 0.046875 0.0203125
0 0.68828125 0.99609375 0.03828125 0.00390625
0 0.684375 0.88828125 0.0359375 0.01796875
0 0.78359375 0.521875 0.0171875 0.01640625
0 0.33671875 0.559375 0.05390625 0.01484375
0 0.49375 0.4359375 0.04609375 0.01953125
0 0.56171875 0.39609375 0.04375 0.0171875
0 0.88984375 0.6484375 0.0234375 0.015625