0 0.38203125 0.12578125 0.05234375 0.025
0 0.4359375 0.1140625 0.03046875 0.015625
0 0.328125 0.13125 0.03125 0.0203125
0 0.63828125 0.1109375 0.04140625 0.02578125
0 0.67421875 0.19140625 0.021875 0.0140625
0 0.7609375 0.24765625 0.01796875 0.01640625
0 0.44921875 0.24609375 0.0234375 0.0140625
0 0.5578125 0.30546875 0.0234375 0.0140625
0 0.734375 0.296875 0.015625 0.0125
0 0.70078125 0.3265625 0.02265625 0.0125
0 0.45859375 0.37109375 0.02265625 0.015625
0 0.5859375 0.41953125 0.02578125 0.01484375
0 0.61640625 0.390625 0.02890625 0.01640625
0 0.79140625 0.403125 0.02578125 0.01328125
0 0.8046875 0.378125 0.02109375 0.015625
0 0.8234375 0.35703125 0.02265625 0.01171875
0 0.25703125 0.4546875 0.025 0.01796875
0 0.1453125 0.4875 0.04375 0.01796875
0 0.26796875 0.58046875 0.0296875 0.01796875
0 0.390625 0.57578125 0.028125 0.015625
0 0.45859375 0.57109375 0.0203125 0.0140625
0 0.59921875 0.58125 0.0234375 0.0203125
0 0.659375 0.5234375 0.0171875 0.01328125
0 0.69609375 0.53203125 0.0171875 0.015625
0 0.6921875 0.49296875 0.0359375 0.0140625
0 0.7625 0.56484375 0.028125 0.01484375
0 0.8328125 0.615625 0.02734375 0.01875
0 0.8203125 0.64921875 0.03046875 0.0140625
0 0.24140625 0.70625 0.0234375 0.01171875
0 0.25859375 0.6921875 0.02109375 0.0125
0 0.53359375 0.7203125 0.02890625 0.015625
0 0.64921875 0.7390625 0.02578125 0.01640625
0 0.67265625 0.7203125 0.028125 0.01328125
0 0.6921875 0.709375 0.0328125 0.01484375
0 0.83125 0.725 0.0234375 0.015625
0 0.83984375 0.765625 0.02734375 0.02109375
0 0.83671875 0.8046875 0.02109375 0.01796875
0 0.82578125 0.853125 0.0234375 0.01875
0 0.71953125 0.81953125 0.021875 0.02109375
0 0.6 0.78359375 0.02734375 0.0140625
0 0.4390625 0.8 0.02578125 0.01328125
0 0.37109375 0.78984375 0.02734375 0.0171875
0 0.221875 0.7796875 0.03203125 0.01875
0 0.26953125 0.8859375 0.0265625 0.01640625
0 0.28671875 0.8640625 0.02109375 0.01640625
0 0.190625 0.89765625 0.0265625 0.021875
0 0.23984375 0.9296875 0.02890625 0.01796875
0 0.30703125 0.93671875 0.0171875 0.01484375
0 0.52109375 0.9609375 0.03125 0.015625
0 0.6484375 0.978125 0.0296875 0.0171875
0 0.72421875 0.9296875 0.03515625 0.0203125
0 0.78125 0.90703125 0.0125 0.0140625
0 0.83359375 0.9625 0.03125 0.01953125
0 0.84453125 0.9421875 0.0296875 0.0140625
0 0.85 0.99140625 0.03125 0.0140625