0 0.62421875 0.28671875 0.03125 0.0234375
0 0.528125 0.290625 0.0328125 0.01328125
0 0.53359375 0.46171875 0.0390625 0.01953125
0 0.55625 0.48203125 0.0515625 0.01484375
0 0.62265625 0.4734375 0.0453125 0.02109375
0 0.3125 0.51484375 0.05390625 0.01796875
0 0.67265625 0.61171875 0.02578125 0.01875
0 0.69375 0.6703125 0.04375 0.02265625
0 0.51640625 0.73359375 0.05 0.009375
0 0.77421875 0.74375 0.034375 0.01171875
0 0.8453125 0.765625 0.02421875 0.0109375
0 0.93671875 0.68984375 0.04375 0.02109375
0 0.66328125 0.8453125 0.053125 0.0140625