0 0.48828125 0.1015625 0.03203125 0.01796875
0 0.628125 0.1640625 0.03359375 0.02421875
0 0.528125 0.1828125 0.040625 0.01953125
0 0.44296875 0.20390625 0.0265625 0.0171875
0 0.50625 0.2515625 0.03203125 0.01953125
0 0.31796875 0.2328125 0.03515625 0.0203125
0 0.440625 0.328125 0.03515625 0.01484375
0 0.49140625 0.33671875 0.0328125 0.01796875
0 0.703125 0.36640625 0.0296875 0.0234375
0 0.73046875 0.31171875 0.03359375 0.02109375
0 0.77421875 0.34140625 0.0296875 0.021875
0 0.36328125 0.3734375 0.03359375 0.0171875
0 0.56015625 0.52734375 0.03515625 0.01875
0 0.53984375 0.61484375 0.0390625 0.021875
0 0.3640625 0.62734375 0.03671875 0.02109375
0 0.790625 0.5984375 0.03203125 0.01875
0 0.6640625 0.76015625 0.02421875 0.02265625
0 0.640625 0.7890625 0.03125 0.01484375
0 0.40625 0.78125 0.0375 0.01484375
0 0.47890625 0.9 0.0234375 0.0203125
0 0.38046875 0.9203125 0.03359375 0.0125
0 0.26875 0.96796875 0.03671875 0.01640625