0 0.58671875 0.3234375 0.04296875 0.01640625
0 0.65234375 0.31640625 0.04375 0.021875
0 0.4140625 0.51171875 0.03671875 0.0203125
0 0.60234375 0.48828125 0.05546875 0.0203125
0 0.65234375 0.5109375 0.03984375 0.0171875
0 0.7078125 0.55234375 0.03828125 0.015625
0 0.7265625 0.6375 0.05390625 0.02265625
0 0.7078125 0.74453125 0.05 0.02734375
0 0.81328125 0.78359375 0.04921875 0.021875
0 0.82265625 0.834375 0.0421875 0.021875
0 0.45859375 0.625 0.0515625 0.01640625
0 0.36328125 0.6890625 0.05078125 0.01875
0 0.89765625 0.90390625 0.04140625 0.021875