0 0.74140625 0.35390625 0.0515625 0.01953125
0 0.56015625 0.3453125 0.05234375 0.01015625
0 0.45234375 0.47734375 0.04609375 0.02265625
0 0.34140625 0.56171875 0.0578125 0.02578125
0 0.54765625 0.5171875 0.02578125 0.01328125
0 0.571875 0.51484375 0.0234375 0.01328125
0 0.559375 0.55859375 0.03828125 0.0140625
0 0.57421875 0.54375 0.0375 0.01171875
0 0.85625 0.50234375 0.0140625 0.009375
0 0.57578125 0.60078125 0.03203125 0.01171875
0 0.59453125 0.61171875 0.02890625 0.0125
0 0.76328125 0.94609375 0.0671875 0.0140625