0 0.71171875 0.15 0.0546875 0.01796875
0 0.71796875 0.1921875 0.02890625 0.015625
0 0.540625 0.434375 0.03125 0.01953125
0 0.6671875 0.48984375 0.01640625 0.015625
0 0.415625 0.4328125 0.0265625 0.01328125
0 0.790625 0.48203125 0.0296875 0.01328125
0 0.37578125 0.59296875 0.0328125 0.02265625
0 0.7046875 0.55625 0.028125 0.021875
0 0.6796875 0.60390625 0.0296875 0.0109375
0 0.6984375 0.63203125 0.03671875 0.01015625
0 0.78125 0.61953125 0.02265625 0.01640625
0 0.78984375 0.60234375 0.0390625 0.015625