0 0.53125 0.16015625 0.03125 0.025
0 0.47265625 0.2140625 0.0328125 0.03203125
0 0.4671875 0.22265625 0.0453125 0.02890625
0 0.75390625 0.21953125 0.0375 0.021875
0 0.4421875 0.32890625 0.02578125 0.021875
0 0.49375 0.3078125 0.028125 0.015625
0 0.57734375 0.29140625 0.03125 0.01640625
0 0.41953125 0.3953125 0.03359375 0.0171875
0 0.571875 0.35625 0.0515625 0.0203125
0 0.6921875 0.3515625 0.06015625 0.0296875
0 0.775 0.35 0.046875 0.01796875
0 0.78984375 0.30078125 0.03203125 0.01796875
0 0.66953125 0.43203125 0.0265625 0.01953125
0 0.79375 0.51171875 0.0359375 0.02578125
0 0.67890625 0.609375 0.02734375 0.0265625
0 0.78515625 0.6453125 0.02265625 0.015625
0 0.80546875 0.64296875 0.0203125 0.025
0 0.74453125 0.69921875 0.04609375 0.03515625
0 0.68359375 0.78203125 0.03984375 0.02734375
0 0.51640625 0.8140625 0.0671875 0.028125
0 0.2625 0.91328125 0.028125 0.02421875
0 0.675 0.9625 0.06640625 0.0296875