0 0.41484375 0.51875 0.0671875 0.0234375
0 0.47109375 0.6375 0.05703125 0.02890625
0 0.84140625 0.5140625 0.04140625 0.02265625
0 0.7296875 0.4921875 0.05625 0.0265625
0 0.88046875 0.4625 0.04765625 0.02578125
0 0.57890625 0.45234375 0.05546875 0.028125
0 0.81953125 0.6328125 0.04140625 0.0328125
0 0.8640625 0.67109375 0.04765625 0.02890625
0 0.7453125 0.75703125 0.06015625 0.03125
0 0.8625 0.8328125 0.0546875 0.0296875
0 0.8390625 0.78046875 0.0421875 0.0234375
0 0.87578125 0.7921875 0.040625 0.01484375