0 0.2546875 0.94609375 0.02890625 0.01640625
0 0.284375 0.953125 0.021875 0.0078125
0 0.278125 0.9421875 0.0296875 0.01015625
0 0.44765625 0.98828125 0.02578125 0.0109375
0 0.62578125 0.96953125 0.0296875 0.015625
0 0.63984375 0.97421875 0.03125 0.0140625
0 0.50859375 0.94921875 0.03671875 0.01171875
0 0.434375 0.88125 0.0171875 0.009375
0 0.33046875 0.93125 0.02109375 0.0171875
0 0.43515625 0.7859375 0.02578125 0.015625
0 0.475 0.78203125 0.02890625 0.01875
0 0.45390625 0.77265625 0.021875 0.015625
0 0.39296875 0.66640625 0.0234375 0.01484375
0 0.378125 0.65546875 0.02578125 0.01171875
0 0.29296875 0.59921875 0.0234375 0.01484375
0 0.3984375 0.52109375 0.02265625 0.02421875
0 0.353125 0.46171875 0.05078125 0.02578125
0 0.42890625 0.48125 0.03984375 0.0125
0 0.4234375 0.421875 0.0203125 0.021875
0 0.32890625 0.33125 0.02109375 0.0171875
0 0.303125 0.30390625 0.02421875 0.0265625
0 0.3921875 0.28125 0.0328125 0.0171875
0 0.4703125 0.35 0.03359375 0.01328125
0 0.61328125 0.3015625 0.06484375 0.0109375
0 0.515625 0.4015625 0.01953125 0.01953125
0 0.5171875 0.38046875 0.02109375 0.0109375
0 0.534375 0.36328125 0.021875 0.01953125
0 0.5359375 0.4 0.0265625 0.02265625
0 0.73125 0.39921875 0.04453125 0.02265625
0 0.61640625 0.41484375 0.04765625 0.01640625
0 0.61875 0.39765625 0.028125 0.01015625
0 0.50078125 0.1109375 0.046875 0.015625
0 0.665625 0.1453125 0.0421875 0.0109375
0 0.7890625 0.11328125 0.03359375 0.01171875
0 0.78671875 0.16015625 0.03203125 0.01484375
0 0.8375 0.1921875 0.03359375 0.02421875
0 0.78671875 0.24140625 0.0328125 0.03046875
0 0.83671875 0.2390625 0.03984375 0.025
0 0.70390625 0.24765625 0.02421875 0.00859375
0 0.6890625 0.284375 0.034375 0.01484375
0 0.690625 0.3125 0.0171875 0.015625
0 0.72734375 0.33125 0.04453125 0.00546875
0 0.76640625 0.33828125 0.03046875 0.015625
0 0.8765625 0.33671875 0.03359375 0.015625
0 0.75390625 0.41953125 0.02734375 0.01875
0 0.60390625 0.45859375 0.03515625 0.00859375
0 0.54140625 0.49765625 0.021875 0.01875
0 0.55078125 0.52109375 0.01796875 0.0125
0 0.57578125 0.52578125 0.021875 0.01640625
0 0.56875 0.5015625 0.01640625 0.009375
0 0.59453125 0.5 0.02578125 0.00546875
0 0.60078125 0.48984375 0.034375 0.009375
0 0.5921875 0.53359375 0.0390625 0.0109375
0 0.69921875 0.5015625 0.02734375 0.01328125
0 0.85859375 0.5234375 0.0234375 0.01640625
0 0.859375 0.615625 0.034375 0.0140625
0 0.5625 0.7125 0.03515625 0.0109375
0 0.70234375 0.7015625 0.01328125 0.01640625
0 0.76953125 0.70546875 0.02109375 0.00625
0 0.921875 0.7359375 0.01640625 0.01640625
0 0.58828125 0.77734375 0.03515625 0.02578125
0 0.5328125 0.80859375 0.03203125 0.01328125
0 0.5515625 0.8703125 0.03125 0.015625
0 0.54296875 0.85546875 0.02421875 0.01875
0 0.559375 0.91875 0.0484375 0.01171875
0 0.66171875 0.9125 0.04296875 0.015625
0 0.69765625 0.91640625 0.03515625 0.01015625
0 0.65234375 0.9546875 0.04296875 0.0125
0 0.790625 0.9921875 0.0546875 0.0109375
0 0.83359375 0.934375 0.03125 0.02265625
0 0.67890625 0.8546875 0.0546875 0.02265625
0 0.72578125 0.86171875 0.02265625 0.01875
0 0.70703125 0.80703125 0.0375 0.01953125
0 0.60703125 0.82578125 0.03671875 0.01484375
0 0.62578125 0.8125 0.01640625 0.01484375
0 0.6484375 0.84921875 0.0328125 0.025
0 0.815625 0.865625 0.0296875 0.0140625
0 0.84140625 0.909375 0.01875 0.01171875
0 0.86484375 0.92578125 0.01640625 0.01796875
0 0.88046875 0.90703125 0.0140625 0.01796875