0 0.6359375 0.9390625 0.04921875 0.01328125
0 0.625 0.9921875 0.046875 0.015625
0 0.721875 0.93125 0.0296875 0.01328125
0 0.8984375 0.9640625 0.0328125 0.01484375
0 0.76015625 0.86796875 0.03046875 0.0234375
0 0.26953125 0.91328125 0.0671875 0.01953125
0 0.459375 0.815625 0.04765625 0.01796875
0 0.315625 0.73671875 0.0609375 0.03046875
0 0.44296875 0.68984375 0.075 0.02109375
0 0.6703125 0.57265625 0.03828125 0.028125
0 0.83828125 0.5875 0.0328125 0.0234375
0 0.89296875 0.60703125 0.03671875 0.0125
0 0.4671875 0.49765625 0.065625 0.01640625
0 0.53671875 0.40703125 0.03125 0.01328125
0 0.884375 0.4484375 0.02734375 0.02109375