0 0.6421875 0.346875 0.0265625 0.01796875
0 0.60625 0.15390625 0.02890625 0.00625
0 0.42421875 0.41640625 0.02890625 0.01953125
0 0.45546875 0.4109375 0.0328125 0.0140625
0 0.4546875 0.403125 0.034375 0.0125
0 0.5125 0.43046875 0.06484375 0.009375
0 0.62890625 0.4234375 0.05 0.0171875
0 0.6734375 0.46171875 0.0296875 0.01953125
0 0.62265625 0.5125 0.03203125 0.00859375
0 0.6640625 0.52890625 0.03828125 0.01640625
0 0.58125 0.54921875 0.02421875 0.01796875
0 0.3640625 0.49765625 0.04609375 0.01875
0 0.42421875 0.58359375 0.0359375 0.00625
0 0.79140625 0.74453125 0.03046875 0.01484375
0 0.9203125 0.76015625 0.0234375 0.025
0 0.9140625 0.8125 0.02421875 0.0140625
0 0.771875 0.8640625 0.05390625 0.0265625
0 0.8875 0.903125 0.05234375 0.03828125
0 0.88671875 0.9359375 0.03203125 0.01015625
0 0.815625 0.98125 0.03125 0.01484375
0 0.74296875 0.9796875 0.0375 0.01171875
0 0.40859375 0.965625 0.05625 0.01015625