0 0.4921875 0.37734375 0.040625 0.02890625
0 0.51328125 0.35390625 0.0796875 0.01796875
0 0.4546875 0.43828125 0.0390625 0.021875
0 0.68984375 0.46484375 0.0375 0.0265625
0 0.49296875 0.52890625 0.0640625 0.01875
0 0.6421875 0.5515625 0.0359375 0.03125
0 0.6875 0.553125 0.04921875 0.03125
0 0.57109375 0.59453125 0.09296875 0.02890625
0 0.5421875 0.70078125 0.046875 0.0203125
0 0.659375 0.675 0.06484375 0.0328125
0 0.63359375 0.7921875 0.0671875 0.0234375
0 0.84140625 0.525 0.065625 0.02109375
0 0.57734375 0.8828125 0.06640625 0.021875
0 0.70625 0.7359375 0.05 0.0171875