0 0.50390625 0.1140625 0.03125 0.01171875
0 0.5390625 0.121875 0.0296875 0.01015625
0 0.59765625 0.13046875 0.0265625 0.01015625
0 0.5078125 0.15859375 0.02109375 0.0140625
0 0.8625 0.17109375 0.021875 0.01328125
0 0.646875 0.23046875 0.01953125 0.01328125
0 0.67890625 0.25390625 0.02265625 0.0109375
0 0.51484375 0.253125 0.025 0.01328125
0 0.75703125 0.30859375 0.01875 0.015625
0 0.77578125 0.31171875 0.0203125 0.0171875
0 0.9015625 0.3046875 0.01640625 0.0171875
0 0.53046875 0.359375 0.02265625 0.015625
0 0.44921875 0.365625 0.0359375 0.0203125
0 0.59765625 0.34140625 0.028125 0.0125
0 0.6234375 0.38671875 0.03359375 0.01640625
0 0.65078125 0.371875 0.03046875 0.00703125
0 0.64609375 0.415625 0.02109375 0.01484375
0 0.7171875 0.42578125 0.03046875 0.01484375
0 0.7078125 0.42890625 0.025 0.00859375
0 0.7765625 0.35625 0.02109375 0.01171875
0 0.8765625 0.43359375 0.0234375 0.0109375
0 0.89765625 0.4453125 0.02421875 0.01953125
0 0.3640625 0.459375 0.02890625 0.01171875
0 0.4984375 0.475 0.0234375 0.01328125
0 0.50546875 0.4578125 0.015625 0.01328125
0 0.54375 0.46015625 0.02109375 0.01796875
0 0.5984375 0.4890625 0.040625 0.0171875
0 0.6515625 0.478125 0.0421875 0.00859375
0 0.528125 0.51875 0.03203125 0.0234375
0 0.4328125 0.51640625 0.0359375 0.01484375
0 0.3484375 0.5984375 0.04921875 0.0078125
0 0.3515625 0.5859375 0.05234375 0.015625
0 0.3671875 0.5796875 0.05 0.01484375
0 0.6140625 0.53671875 0.05859375 0.02265625
0 0.62265625 0.58203125 0.04296875 0.0109375
0 0.62734375 0.56328125 0.028125 0.0171875
0 0.68984375 0.6046875 0.08125 0.01328125
0 0.81328125 0.6359375 0.0375 0.025
0 0.8015625 0.53203125 0.025 0.01953125
0 0.8671875 0.6390625 0.0140625 0.02734375
0 0.3046875 0.66796875 0.02578125 0.01640625
0 0.51953125 0.6859375 0.02890625 0.01875
0 0.5953125 0.6890625 0.02578125 0.01953125
0 0.609375 0.68046875 0.034375 0.0171875
0 0.63984375 0.6765625 0.01953125 0.01796875
0 0.69453125 0.6703125 0.02890625 0.01484375
0 0.734375 0.6921875 0.02734375 0.0125
0 0.90078125 0.7390625 0.01328125 0.01171875
0 0.91328125 0.740625 0.0171875 0.02265625
0 0.915625 0.71953125 0.02109375 0.01953125
0 0.90546875 0.71875 0.01640625 0.015625
0 0.6515625 0.765625 0.04140625 0.01484375
0 0.47734375 0.77578125 0.0546875 0.02109375
0 0.3203125 0.790625 0.03203125 0.02421875
0 0.290625 0.8359375 0.0265625 0.02578125
0 0.33671875 0.88828125 0.03671875 0.01796875
0 0.25234375 0.9375 0.03828125 0.01328125
0 0.25 0.92734375 0.03125 0.0125
0 0.284375 0.90703125 0.0484375 0.028125
0 0.2734375 0.96328125 0.0234375 0.0140625
0 0.33046875 0.9515625 0.02890625 0.0125
0 0.478125 0.975 0.03046875 0.0203125
0 0.66171875 0.9 0.04453125 0.015625
0 0.68515625 0.9125 0.0296875 0.01640625
0 0.7546875 0.92265625 0.0296875 0.02109375
0 0.75 0.95234375 0.03828125 0.01328125
0 0.765625 0.9484375 0.02734375 0.01640625
0 0.7953125 0.9515625 0.0203125 0.0140625
0 0.84921875 0.99453125 0.0546875 0.0109375
0 0.8734375 0.97578125 0.02421875 0.01171875
0 0.92109375 0.98359375 0.0265625 0.01328125
0 0.89140625 0.915625 0.02265625 0.00703125
0 0.8390625 0.87890625 0.0234375 0.01796875
0 0.7265625 0.8609375 0.01953125 0.0109375
0 0.578125 0.81171875 0.03828125 0.01953125
0 0.7421875 0.8390625 0.034375 0.025
0 0.76796875 0.796875 0.02890625 0.0171875
0 0.78203125 0.81171875 0.0203125 0.0125
0 0.79453125 0.80078125 0.02421875 0.01015625
0 0.8828125 0.8203125 0.0328125 0.01640625
0 0.87265625 0.85859375 0.0359375 0.01796875