0 0.9203125 0.17421875 0.07109375 0.021875
0 0.4875 0.3828125 0.0453125 0.01875
0 0.52265625 0.44921875 0.06171875 0.015625
0 0.51171875 0.40078125 0.0515625 0.01953125
0 0.584375 0.403125 0.025 0.01640625
0 0.68828125 0.40546875 0.02265625 0.02109375
0 0.3640625 0.50390625 0.0546875 0.03125
0 0.5453125 0.5265625 0.053125 0.0265625
0 0.63203125 0.53671875 0.03515625 0.01171875
0 0.6828125 0.52890625 0.0203125 0.0203125
0 0.8265625 0.4515625 0.04453125 0.015625
0 0.796875 0.44140625 0.0296875 0.01171875
0 0.76015625 0.7640625 0.04921875 0.01484375
0 0.4421875 0.5875 0.04921875 0.0140625
0 0.80546875 0.94609375 0.046875 0.021875
0 0.8421875 0.99296875 0.03984375 0.01015625
0 0.74609375 0.98828125 0.05078125 0.01015625
0 0.42734375 0.95390625 0.02109375 0.01484375