0 0.41875 0.3703125 0.04140625 0.01640625
0 0.4734375 0.4390625 0.04375 0.03046875
0 0.61484375 0.45234375 0.05390625 0.01171875
0 0.65078125 0.425 0.06015625 0.02265625
0 0.5921875 0.5671875 0.0390625 0.01640625
0 0.83828125 0.746875 0.03359375 0.01640625
0 0.61640625 0.7765625 0.040625 0.01875
0 0.734375 0.69375 0.040625 0.02109375
0 0.86640625 0.303125 0.06328125 0.0203125
0 0.83828125 0.6828125 0.03359375 0.0171875
0 0.9125 0.73046875 0.025 0.01328125
0 0.7625 0.959375 0.0546875 0.0109375
0 0.75625 0.934375 0.03203125 0.0296875
0 0.39765625 0.97890625 0.03671875 0.01484375
0 0.66796875 0.74609375 0.04296875 0.02109375
0 0.53828125 0.50078125 0.0453125 0.01875
0 0.58203125 0.5359375 0.06328125 0.0171875
0 0.56953125 0.440625 0.034375 0.021875