0 0.5328125 0.715625 0.03984375 0.009375
0 0.65 0.76875 0.03125 0.0140625
0 0.59140625 0.83671875 0.04140625 0.01796875
0 0.65703125 0.9015625 0.040625 0.01640625
0 0.79296875 0.88515625 0.04140625 0.01796875
0 0.728125 0.80859375 0.034375 0.01328125
0 0.71328125 0.65078125 0.0328125 0.01328125
0 0.68828125 0.625 0.03671875 0.01875
0 0.63828125 0.4890625 0.04453125 0.0140625
0 0.60859375 0.45625 0.02734375 0.01484375
0 0.5625 0.4234375 0.03984375 0.02109375
0 0.47734375 0.453125 0.04609375 0.028125
0 0.603125 0.384375 0.03359375 0.01171875
0 0.53125 0.34609375 0.02421875 0.01171875
0 0.60625 0.3484375 0.01953125 0.01640625
0 0.67578125 0.428125 0.0296875 0.0234375
0 0.7109375 0.428125 0.028125 0.01796875
0 0.75546875 0.39375 0.0296875 0.009375
0 0.784375 0.409375 0.03203125 0.01640625
0 0.74609375 0.521875 0.01328125 0.01796875
0 0.6765625 0.23671875 0.0375 0.01171875
0 0.7140625 0.2625 0.03125 0.01328125
0 0.74921875 0.2796875 0.03359375 0.009375
0 0.76484375 0.24140625 0.0203125 0.01171875