0 0.3125 0.734375 0.0453125 0.028125
0 0.43359375 0.69375 0.0640625 0.02578125
0 0.425 0.8359375 0.04453125 0.01953125
0 0.27109375 0.91171875 0.0734375 0.01640625
0 0.56640625 0.91171875 0.02109375 0.02109375
0 0.6359375 0.85 0.034375 0.02890625
0 0.75703125 0.96328125 0.0578125 0.0203125
0 0.64765625 0.990625 0.02734375 0.0125
0 0.90859375 0.9515625 0.0328125 0.0171875
0 0.8796875 0.65703125 0.02734375 0.01484375
0 0.90703125 0.759375 0.034375 0.0171875
0 0.71796875 0.62578125 0.02734375 0.009375
0 0.58671875 0.6 0.02890625 0.01875
0 0.4671875 0.496875 0.04296875 0.01875
0 0.5359375 0.4109375 0.02578125 0.01328125
0 0.89765625 0.43828125 0.03125 0.021875
0 0.89453125 0.55234375 0.03046875 0.02109375