0 0.6015625 0.15390625 0.021875 0.015625
0 0.48359375 0.3765625 0.04140625 0.01875
0 0.571875 0.4109375 0.04921875 0.01796875
0 0.7359375 0.38984375 0.0515625 0.01484375
0 0.72734375 0.46171875 0.04765625 0.0125
0 0.53203125 0.45546875 0.06796875 0.01796875
0 0.36953125 0.44765625 0.0296875 0.01015625
0 0.3796875 0.50390625 0.06328125 0.01875
0 0.54296875 0.51484375 0.03828125 0.015625
0 0.71640625 0.5234375 0.02890625 0.01484375
0 0.646875 0.54375 0.0171875 0.0140625
0 0.440625 0.58515625 0.01875 0.0109375
0 0.76171875 0.76640625 0.0546875 0.021875
0 0.83984375 0.95 0.03515625 0.028125
0 0.940625 0.40234375 0.0375 0.0265625
0 0.9328125 0.953125 0.03125 0.0125
0 0.83046875 0.99375 0.0359375 0.0125