0 0.28984375 0.26640625 0.04921875 0.03125
0 0.5859375 0.38984375 0.05078125 0.0375
0 0.5671875 0.540625 0.046875 0.03125
0 0.5578125 0.5875 0.040625 0.034375
0 0.6125 0.70703125 0.04453125 0.028125
0 0.546875 0.728125 0.06640625 0.02734375
0 0.37734375 0.634375 0.05 0.02265625
0 0.20859375 0.62109375 0.04453125 0.025
0 0.26171875 0.62265625 0.08203125 0.0140625
0 0.24765625 0.7125 0.0453125 0.02578125
0 0.3359375 0.84609375 0.03671875 0.0265625
0 0.39375 0.8703125 0.06484375 0.0140625
0 0.36875 0.9171875 0.03359375 0.0265625
0 0.40546875 0.91171875 0.034375 0.01953125
0 0.41484375 0.8828125 0.04140625 0.025