0 0.68984375 0.98828125 0.03671875 0.02109375
0 0.74609375 0.94921875 0.0390625 0.01640625
0 0.77265625 0.95703125 0.0328125 0.015625
0 0.26796875 0.915625 0.05859375 0.01328125
0 0.41171875 0.84453125 0.06015625 0.0234375
0 0.50703125 0.86640625 0.0625 0.02890625
0 0.33125 0.7984375 0.03671875 0.01953125
0 0.309375 0.7359375 0.04375 0.0203125
0 0.43125 0.70703125 0.0421875 0.028125
0 0.5046875 0.6640625 0.03203125 0.02109375
0 0.728125 0.72265625 0.0328125 0.01328125
0 0.87421875 0.8015625 0.02421875 0.021875
0 0.8125 0.84453125 0.0265625 0.021875
0 0.915625 0.8234375 0.0171875 0.01484375
0 0.45625 0.5015625 0.021875 0.01640625
0 0.5203125 0.44140625 0.021875 0.0125
0 0.88671875 0.46796875 0.0265625 0.015625
0 0.89375 0.52890625 0.028125 0.01953125