0 0.63984375 0.928125 0.03671875 0.01484375
0 0.696875 0.790625 0.03828125 0.01640625
0 0.43984375 0.77578125 0.03203125 0.01171875
0 0.33515625 0.646875 0.05546875 0.01953125
0 0.59375 0.64296875 0.0265625 0.021875
0 0.625 0.63515625 0.05 0.0265625
0 0.65 0.615625 0.03359375 0.01640625
0 0.62421875 0.60234375 0.03359375 0.0265625
0 0.51171875 0.534375 0.0421875 0.01640625
0 0.51484375 0.51484375 0.046875 0.01953125
0 0.3 0.51796875 0.0453125 0.015625
0 0.5453125 0.41875 0.04140625 0.025
0 0.73203125 0.4203125 0.02578125 0.01796875
0 0.7859375 0.45234375 0.0296875 0.021875
0 0.84296875 0.50234375 0.0296875 0.01640625
0 0.4390625 0.371875 0.07109375 0.02421875