0 0.52421875 0.159375 0.03515625 0.01953125
0 0.4625 0.2296875 0.034375 0.01484375
0 0.4609375 0.22109375 0.0109375 0.01328125
0 0.53359375 0.3265625 0.04375 0.0265625
0 0.4453125 0.33203125 0.03125 0.02109375
0 0.4234375 0.396875 0.03671875 0.02265625
0 0.52421875 0.3796875 0.028125 0.021875
0 0.60703125 0.4140625 0.03046875 0.02109375
0 0.721875 0.41171875 0.040625 0.02421875
0 0.784375 0.30390625 0.03125 0.01875
0 0.790625 0.2390625 0.03046875 0.01328125
0 0.74921875 0.5078125 0.03828125 0.02734375
0 0.79921875 0.5328125 0.02109375 0.02265625
0 0.79140625 0.60703125 0.01796875 0.01875
0 0.58515625 0.690625 0.03125 0.02265625
0 0.49140625 0.7890625 0.03359375 0.02265625
0 0.24296875 0.8984375 0.02109375 0.0140625
0 0.659375 0.95625 0.04375 0.02109375
0 0.7609375 0.7109375 0.02890625 0.01640625
0 0.80703125 0.7375 0.03046875 0.01640625
0 0.80234375 0.7203125 0.028125 0.01875