0 0.4234375 0.87109375 0.06328125 0.0203125
0 0.5734375 0.94609375 0.03203125 0.009375
0 0.43984375 0.74609375 0.05546875 0.01875
0 0.6109375 0.7078125 0.0453125 0.0171875
0 0.54453125 0.6484375 0.0578125 0.01875
0 0.5171875 0.59765625 0.0625 0.0203125
0 0.7203125 0.575 0.034375 0.03125
0 0.5015625 0.52421875 0.0734375 0.02109375
0 0.70703125 0.5140625 0.03984375 0.025
0 0.60390625 0.453125 0.04609375 0.0171875
0 0.58515625 0.415625 0.059375 0.0265625
0 0.81328125 0.39296875 0.02734375 0.0140625
0 0.91484375 0.3625 0.0203125 0.0171875
0 0.82578125 0.3296875 0.02109375 0.02578125
0 0.76484375 0.103125 0.025 0.01640625
0 0.69609375 0.06171875 0.06640625 0.0140625