0 0.39609375 0.51796875 0.046875 0.02265625
0 0.4421875 0.7203125 0.03203125 0.01796875
0 0.4421875 0.70078125 0.0453125 0.02421875
0 0.303125 0.73359375 0.0453125 0.0203125
0 0.321875 0.76953125 0.03515625 0.01484375
0 0.34765625 0.82421875 0.0375 0.02734375
0 0.4921875 0.8640625 0.0609375 0.02421875
0 0.6546875 0.75078125 0.04375 0.02265625
0 0.2625 0.915625 0.03359375 0.01796875
0 0.7203125 0.934375 0.0625 0.02109375
0 0.61796875 0.9515625 0.0578125 0.01484375
0 0.8015625 0.87421875 0.0265625 0.0203125
0 0.809375 0.98984375 0.0484375 0.0203125