0 0.384375 0.0328125 0.05390625 0.021875
0 0.3359375 0.0453125 0.03828125 0.015625
0 0.24921875 0.0703125 0.0359375 0.02265625
0 0.68515625 0.02421875 0.0234375 0.01875
0 0.6359375 0.1 0.03046875 0.01953125
0 0.359375 0.178125 0.053125 0.02109375
0 0.675 0.2296875 0.0234375 0.02265625
0 0.65078125 0.253125 0.0390625 0.01875
0 0.49375 0.31484375 0.03828125 0.02421875
0 0.42421875 0.3125 0.0375 0.01796875
0 0.52109375 0.37421875 0.03046875 0.02265625
0 0.56015625 0.35859375 0.02421875 0.01953125
0 0.59609375 0.36484375 0.02265625 0.021875
0 0.7671875 0.39296875 0.04765625 0.02421875
0 0.80078125 0.38984375 0.040625 0.025
0 0.76328125 0.45390625 0.05546875 0.02421875
0 0.6515625 0.43828125 0.071875 0.025
0 0.5546875 0.49296875 0.0296875 0.02109375
0 0.6671875 0.5078125 0.040625 0.01640625
0 0.68359375 0.4953125 0.02734375 0.0203125
0 0.80859375 0.50390625 0.03671875 0.01953125
0 0.2171875 0.403125 0.02734375 0.025
0 0.10625 0.4375 0.0296875 0.025
0 0.21953125 0.5203125 0.0484375 0.0234375
0 0.4125 0.5625 0.02734375 0.01796875
0 0.42265625 0.54609375 0.028125 0.01640625
0 0.57265625 0.55234375 0.0328125 0.015625
0 0.7046875 0.590625 0.03359375 0.01640625
0 0.728125 0.62265625 0.021875 0.015625
0 0.75625 0.63046875 0.02109375 0.01796875
0 0.821875 0.6171875 0.0265625 0.0140625
0 0.80078125 0.67421875 0.03671875 0.01796875
0 0.8140625 0.66015625 0.028125 0.0171875
0 0.75078125 0.71015625 0.03359375 0.01875
0 0.7484375 0.7703125 0.04921875 0.0171875
0 0.56796875 0.78125 0.028125 0.02109375
0 0.53046875 0.65078125 0.025 0.02109375
0 0.62578125 0.6328125 0.025 0.01328125
0 0.59296875 0.6609375 0.0375 0.0203125
0 0.53125 0.68046875 0.028125 0.01875
0 0.3453125 0.7109375 0.0296875 0.0203125
0 0.2234375 0.65625 0.03828125 0.02421875
0 0.190625 0.71015625 0.05 0.02734375
0 0.390625 0.75703125 0.034375 0.0203125
0 0.2703125 0.81796875 0.04609375 0.028125
0 0.225 0.8546875 0.0296875 0.01640625
0 0.17578125 0.85234375 0.0359375 0.02265625
0 0.2265625 0.8859375 0.03671875 0.01875
0 0.28046875 0.88359375 0.0328125 0.01640625
0 0.64921875 0.896875 0.04375 0.0171875
0 0.590625 0.8484375 0.02890625 0.0203125
0 0.6546875 0.85859375 0.03515625 0.01796875
0 0.64765625 0.828125 0.02734375 0.0203125
0 0.684375 0.82734375 0.04765625 0.0171875
0 0.82734375 0.8734375 0.0265625 0.01640625