0 0.65625 0.28046875 0.071875 0.028125
0 0.62734375 0.34765625 0.075 0.0296875
0 0.44140625 0.29765625 0.06875 0.0234375
0 0.45859375 0.32265625 0.0375 0.01796875
0 0.76640625 0.50234375 0.059375 0.03046875
0 0.42890625 0.50859375 0.06796875 0.03984375
0 0.21484375 0.6625 0.04375 0.01875
0 0.3046875 0.63671875 0.0421875 0.02109375
0 0.39609375 0.62734375 0.05703125 0.0125
0 0.38671875 0.60234375 0.08671875 0.0359375
0 0.6484375 0.65 0.06015625 0.04296875
0 0.696875 0.71171875 0.04921875 0.03828125
0 0.67578125 0.78203125 0.06953125 0.0359375
0 0.19609375 0.6375 0.04140625 0.02578125
0 0.3640625 0.88984375 0.05859375 0.02734375
0 0.4359375 0.89921875 0.04140625 0.03046875
0 0.52265625 0.88046875 0.0421875 0.0328125
0 0.8265625 0.7859375 0.0375 0.0203125