0 0.52109375 0.1609375 0.04453125 0.0234375
0 0.46328125 0.225 0.03671875 0.02109375
0 0.4640625 0.215625 0.01796875 0.0125
0 0.796875 0.23828125 0.02265625 0.01953125
0 0.790625 0.30078125 0.0265625 0.01640625
0 0.796875 0.31171875 0.0125 0.01640625
0 0.528125 0.31875 0.01953125 0.01328125
0 0.43828125 0.33046875 0.0234375 0.01796875
0 0.42578125 0.38828125 0.02421875 0.01875
0 0.52734375 0.3796875 0.0265625 0.01953125
0 0.5984375 0.4109375 0.02109375 0.01640625
0 0.73203125 0.38984375 0.025 0.01953125
0 0.73671875 0.515625 0.025 0.02109375
0 0.7953125 0.5328125 0.015625 0.02265625
0 0.59453125 0.70859375 0.0390625 0.01953125
0 0.76015625 0.68828125 0.0265625 0.01875
0 0.80234375 0.7046875 0.0203125 0.0171875
0 0.80703125 0.7546875 0.0234375 0.02578125
0 0.49140625 0.784375 0.03671875 0.0203125
0 0.26796875 0.91640625 0.025 0.0125
0 0.67890625 0.95625 0.0296875 0.01015625
0 0.80234375 0.903125 0.03671875 0.0203125