0 0.5140625 0.17109375 0.021875 0.0171875
0 0.73984375 0.15703125 0.04453125 0.009375
0 0.79453125 0.2 0.0296875 0.0078125
0 0.81015625 0.2109375 0.02109375 0.0125
0 0.90703125 0.196875 0.0203125 0.01484375
0 0.82734375 0.19296875 0.01328125 0.0140625
0 0.56171875 0.22109375 0.04296875 0.0140625
0 0.57421875 0.24453125 0.021875 0.021875
0 0.6203125 0.2609375 0.0390625 0.01875
0 0.30859375 0.215625 0.040625 0.00625
0 0.2453125 0.3046875 0.03671875 0.0125
0 0.26640625 0.28828125 0.03671875 0.0171875
0 0.371875 0.34921875 0.034375 0.0203125
0 0.3640625 0.39921875 0.03125 0.01171875
0 0.346875 0.4328125 0.034375 0.0234375
0 0.4390625 0.39921875 0.0296875 0.02265625
0 0.46015625 0.46796875 0.0421875 0.00859375
0 0.60078125 0.39609375 0.0296875 0.0140625
0 0.47890625 0.45859375 0.0484375 0.015625
0 0.22265625 0.4578125 0.0375 0.00625
0 0.24296875 0.51015625 0.03359375 0.0125
0 0.28828125 0.51484375 0.0375 0.0171875
0 0.59765625 0.4515625 0.025 0.01171875
0 0.65625 0.4640625 0.02890625 0.0109375
0 0.73125 0.3875 0.034375 0.01796875
0 0.790625 0.26796875 0.0484375 0.01015625
0 0.8125 0.35078125 0.03828125 0.0171875
0 0.84296875 0.36875 0.05234375 0.00703125
0 0.7578125 0.44453125 0.02734375 0.0359375
0 0.74765625 0.40703125 0.0234375 0.0125
0 0.765625 0.421875 0.0234375 0.01328125
0 0.78671875 0.415625 0.0390625 0.01953125
0 0.6828125 0.43515625 0.04609375 0.01171875
0 0.86875 0.41953125 0.0171875 0.01640625
0 0.6953125 0.55234375 0.05703125 0.02109375
0 0.83515625 0.55625 0.0265625 0.01953125
0 0.63125 0.61640625 0.0671875 0.0125
0 0.4453125 0.64609375 0.05 0.02421875
0 0.2421875 0.628125 0.05234375 0.01484375
0 0.6390625 0.64140625 0.03203125 0.01875
0 0.8484375 0.62421875 0.0296875 0.01640625
0 0.8390625 0.70546875 0.015625 0.025
0 0.84296875 0.678125 0.03125 0.015625
0 0.86328125 0.7109375 0.0328125 0.028125
0 0.89375 0.6859375 0.0234375 0.01875
0 0.690625 0.76328125 0.02734375 0.02578125
0 0.7953125 0.753125 0.02421875 0.01875
0 0.37421875 0.7609375 0.01875 0.01875
0 0.41328125 0.74609375 0.034375 0.01875
0 0.25703125 0.78125 0.02890625 0.02265625
0 0.3515625 0.81640625 0.05390625 0.01484375
0 0.38359375 0.82734375 0.021875 0.0140625
0 0.39140625 0.8140625 0.0453125 0.0140625
0 0.6875 0.8296875 0.04453125 0.021875
0 0.6421875 0.86484375 0.02890625 0.01015625
0 0.67890625 0.86171875 0.059375 0.00703125
0 0.68515625 0.85234375 0.0328125 0.00859375
0 0.68828125 0.8828125 0.03046875 0.01328125
0 0.8546875 0.8234375 0.0578125 0.0234375
0 0.83828125 0.8875 0.0640625 0.0203125
0 0.8703125 0.91484375 0.05234375 0.0109375
0 0.74296875 0.990625 0.0546875 0.009375
0 0.72890625 0.96796875 0.03203125 0.01015625
0 0.7640625 0.98671875 0.04296875 0.009375
0 0.88359375 0.98671875 0.0390625 0.0125