0 0.5390625 0.8015625 0.0328125 0.0125
0 0.65703125 0.79140625 0.0328125 0.01171875
0 0.70078125 0.81171875 0.03515625 0.0109375
0 0.76796875 0.82265625 0.0375 0.0109375
0 0.703125 0.8484375 0.01953125 0.00859375
0 0.73984375 0.6875 0.0375 0.01796875
0 0.64765625 0.625 0.040625 0.01796875
0 0.4171875 0.6203125 0.03671875 0.00859375
0 0.35390625 0.46484375 0.05 0.0171875
0 0.55078125 0.33515625 0.04375 0.01875
0 0.54375 0.2484375 0.03828125 0.01875
0 0.47109375 0.15703125 0.03125 0.02109375
0 0.5453125 0.084375 0.0578125 0.01484375