0 0.49296875 0.375 0.04375 0.01796875
0 0.4125 0.459375 0.04296875 0.021875
0 0.41796875 0.528125 0.04765625 0.0203125
0 0.5515625 0.50390625 0.04921875 0.0234375
0 0.58046875 0.44375 0.03515625 0.01484375
0 0.603125 0.4828125 0.04296875 0.021875
0 0.6515625 0.46015625 0.0671875 0.02265625
0 0.7640625 0.40625 0.065625 0.0296875
0 0.68984375 0.3671875 0.03125 0.0171875
0 0.97421875 0.16015625 0.046875 0.02109375
0 0.73984375 0.77890625 0.03359375 0.028125
0 0.4015625 0.93203125 0.06328125 0.015625
0 0.6703125 0.56328125 0.065625 0.02265625
0 0.75078125 0.5359375 0.04140625 0.0234375
0 0.45546875 0.5875 0.06484375 0.01171875