0 0.2671875 0.91328125 0.071875 0.01640625
0 0.43671875 0.8578125 0.03984375 0.01015625
0 0.5515625 0.86171875 0.034375 0.0234375
0 0.7484375 0.94765625 0.03359375 0.0109375
0 0.79140625 0.95546875 0.0390625 0.02109375
0 0.68984375 0.9890625 0.0265625 0.0171875
0 0.3421875 0.7984375 0.034375 0.015625
0 0.30859375 0.7375 0.04609375 0.0234375
0 0.4328125 0.70625 0.0359375 0.025
0 0.515625 0.6578125 0.0546875 0.02109375
0 0.4609375 0.50078125 0.05 0.0265625
0 0.51875 0.42734375 0.02578125 0.01328125
0 0.88671875 0.4671875 0.04296875 0.01875
0 0.67734375 0.7140625 0.03984375 0.01640625
0 0.82421875 0.81640625 0.03515625 0.0140625
0 0.90078125 0.78515625 0.03046875 0.01640625
0 0.91328125 0.85546875 0.025 0.01640625