0 0.34609375 0.15546875 0.02421875 0.0109375
0 0.4 0.14375 0.02109375 0.01484375
0 0.44140625 0.13515625 0.02578125 0.009375
0 0.64140625 0.1265625 0.02734375 0.0078125
0 0.6828125 0.20859375 0.025 0.0125
0 0.45703125 0.2640625 0.03828125 0.01328125
0 0.76171875 0.2734375 0.0171875 0.01484375
0 0.74609375 0.3125 0.01796875 0.01328125
0 0.72890625 0.359375 0.03984375 0.01640625
0 0.56015625 0.340625 0.03671875 0.01484375
0 0.475 0.3875 0.04140625 0.01953125
0 0.60625 0.4375 0.06171875 0.01328125
0 0.628125 0.4125 0.04609375 0.0171875
0 0.74453125 0.44921875 0.03828125 0.01875
0 0.8 0.47578125 0.02421875 0.0171875
0 0.80859375 0.48125 0.0171875 0.01875
0 0.81171875 0.4109375 0.0234375 0.009375
0 0.82890625 0.36484375 0.0171875 0.01484375
0 0.82265625 0.42578125 0.01796875 0.00859375
0 0.26796875 0.475 0.04296875 0.01953125
0 0.1640625 0.50546875 0.02578125 0.0125
0 0.2953125 0.603125 0.04140625 0.0203125
0 0.40859375 0.578125 0.03359375 0.02109375
0 0.45859375 0.590625 0.04453125 0.015625
0 0.70390625 0.55625 0.0296875 0.0234375
0 0.61953125 0.6265625 0.04375 0.0203125
0 0.54453125 0.7328125 0.0765625 0.028125
0 0.25 0.721875 0.03828125 0.01953125
0 0.278125 0.7046875 0.0359375 0.01484375
0 0.209375 0.80078125 0.03046875 0.01796875
0 0.3875 0.8078125 0.04609375 0.0140625
0 0.44296875 0.82265625 0.040625 0.02421875
0 0.2 0.915625 0.04296875 0.01875
0 0.246875 0.88359375 0.03984375 0.01328125
0 0.30703125 0.87890625 0.0453125 0.01328125
0 0.2609375 0.9421875 0.0484375 0.0140625
0 0.32578125 0.9453125 0.02421875 0.0109375
0 0.53828125 0.96953125 0.02578125 0.01484375
0 0.6546875 0.98515625 0.06640625 0.009375
0 0.784375 0.96015625 0.0203125 0.00546875
0 0.846875 0.9546875 0.0171875 0.01171875
0 0.8375 0.98671875 0.021875 0.009375
0 0.74296875 0.89296875 0.03125 0.01484375
0 0.6609375 0.7703125 0.0296875 0.01171875
0 0.68125 0.75234375 0.0375 0.009375
0 0.68515625 0.72265625 0.05546875 0.02578125
0 0.78359375 0.8125 0.0390625 0.02265625
0 0.8125 0.78515625 0.03671875 0.0140625
0 0.821875 0.8515625 0.02890625 0.0171875
0 0.83984375 0.77578125 0.02734375 0.021875
0 0.83984375 0.75 0.0390625 0.01484375
0 0.83828125 0.65 0.021875 0.0109375
0 0.8359375 0.61796875 0.02421875 0.01015625