0 0.8625 0.1140625 0.03828125 0.0125
0 0.50625 0.115625 0.0453125 0.009375
0 0.6609375 0.1578125 0.03046875 0.01796875
0 0.79296875 0.1515625 0.0453125 0.0140625
0 0.6984375 0.25703125 0.0296875 0.01171875
0 0.753125 0.23671875 0.0359375 0.0203125
0 0.78984375 0.21875 0.0265625 0.0296875
0 0.77578125 0.25546875 0.03828125 0.015625
0 0.6265625 0.26484375 0.03203125 0.01953125
0 0.565625 0.30078125 0.0453125 0.01640625
0 0.6859375 0.30703125 0.0359375 0.015625
0 0.7203125 0.3125 0.05078125 0.00703125
0 0.79765625 0.3390625 0.0359375 0.0140625
0 0.82890625 0.33125 0.0359375 0.0171875
0 0.2453125 0.3078125 0.0328125 0.0125
0 0.28203125 0.290625 0.0390625 0.0078125
0 0.26015625 0.32265625 0.034375 0.01484375
0 0.5015625 0.340625 0.0296875 0.01640625
0 0.52421875 0.3625 0.0484375 0.0171875
0 0.46953125 0.409375 0.01796875 0.02421875
0 0.484375 0.4109375 0.02109375 0.02890625
0 0.390625 0.43125 0.0203125 0.0140625
0 0.41171875 0.4515625 0.03359375 0.01171875
0 0.34296875 0.4640625 0.05078125 0.01953125
0 0.57890625 0.3875 0.03359375 0.01953125
0 0.71015625 0.39765625 0.02109375 0.0265625
0 0.74375 0.403125 0.04375 0.01328125
0 0.6078125 0.4640625 0.02734375 0.0203125
0 0.6421875 0.47734375 0.034375 0.01328125
0 0.634375 0.46875 0.040625 0.0125
0 0.6578125 0.44765625 0.03125 0.015625
0 0.70546875 0.484375 0.02578125 0.0171875
0 0.5265625 0.4890625 0.0171875 0.01484375
0 0.54296875 0.51796875 0.03359375 0.0125
0 0.5484375 0.50078125 0.02265625 0.015625
0 0.384375 0.5390625 0.034375 0.021875
0 0.29453125 0.6015625 0.05625 0.0234375
0 0.35390625 0.66875 0.01953125 0.02109375
0 0.38203125 0.6734375 0.0375 0.025
0 0.86640625 0.521875 0.02109375 0.009375
0 0.91328125 0.45625 0.01875 0.01640625
0 0.62734375 0.534375 0.02265625 0.009375
0 0.915625 0.5546875 0.0140625 0.009375
0 0.8140625 0.62890625 0.0203125 0.0125
0 0.67109375 0.70859375 0.02734375 0.01484375
0 0.8546875 0.7140625 0.03515625 0.01171875
0 0.89921875 0.7109375 0.01328125 0.0203125
0 0.75 0.6796875 0.02890625 0.01796875
0 0.50078125 0.74765625 0.040625 0.0234375
0 0.65703125 0.7734375 0.05625 0.0109375
0 0.85703125 0.79921875 0.03203125 0.015625
0 0.6 0.7890625 0.04765625 0.0296875
0 0.44140625 0.79609375 0.03828125 0.01640625
0 0.4890625 0.79375 0.03359375 0.02265625
0 0.41328125 0.78984375 0.0296875 0.03125
0 0.51953125 0.82265625 0.03515625 0.0171875
0 0.4875 0.85390625 0.02265625 0.0140625
0 0.5296875 0.8625 0.0296875 0.009375
0 0.5515625 0.84296875 0.0203125 0.02421875
0 0.621875 0.84140625 0.02578125 0.03125
0 0.6796875 0.8640625 0.04375 0.0140625
0 0.6640625 0.85 0.04140625 0.01640625
0 0.73828125 0.87578125 0.03828125 0.02421875
0 0.4125 0.90234375 0.04453125 0.0171875
0 0.5484375 0.9109375 0.0328125 0.0125
0 0.2765625 0.96015625 0.02421875 0.01640625
0 0.2859375 0.93203125 0.0328125 0.01640625
0 0.48125 0.93359375 0.02734375 0.0125
0 0.4296875 0.98828125 0.0171875 0.01484375
0 0.6296875 0.9015625 0.04453125 0.01171875
0 0.625 0.98359375 0.0265625 0.0140625
0 0.6078125 0.97109375 0.02890625 0.0109375
0 0.6078125 0.9578125 0.04296875 0.01640625
0 0.6875 0.9078125 0.02109375 0.00859375
0 0.79453125 0.92578125 0.02890625 0.01875
0 0.80078125 0.903125 0.028125 0.0125
0 0.790625 0.88359375 0.02890625 0.0203125
0 0.8375 0.890625 0.01328125 0.01875
0 0.86640625 0.90703125 0.03359375 0.0140625
0 0.79296875 0.99453125 0.05703125 0.01015625