0 0.521875 0.19140625 0.05234375 0.0234375
0 0.4984375 0.2484375 0.06328125 0.0171875
0 0.4390625 0.21171875 0.0640625 0.028125
0 0.7484375 0.24453125 0.04765625 0.02578125
0 0.5078125 0.35 0.046875 0.03046875
0 0.7515625 0.55234375 0.040625 0.02578125
0 0.47109375 0.60390625 0.0515625 0.0265625
0 0.403125 0.6296875 0.059375 0.02265625
0 0.29375 0.63359375 0.071875 0.02578125
0 0.2109375 0.63046875 0.04453125 0.02421875
0 0.403125 0.7015625 0.0484375 0.0265625
0 0.73046875 0.69375 0.08125 0.02578125
0 0.803125 0.73984375 0.04921875 0.0359375
0 0.46484375 0.85390625 0.05625 0.0328125
0 0.3515625 0.9171875 0.0484375 0.0265625
0 0.53515625 0.90625 0.075 0.02890625
0 0.81875 0.86328125 0.04609375 0.0265625