0 0.57109375 0.66484375 0.0375 0.01484375
0 0.29453125 0.634375 0.04609375 0.02109375
0 0.49375 0.60234375 0.03359375 0.01796875
0 0.36015625 0.5546875 0.0328125 0.02109375
0 0.4578125 0.52734375 0.04296875 0.0171875
0 0.428125 0.47109375 0.03515625 0.02421875
0 0.5328125 0.565625 0.0375 0.0125
0 0.53203125 0.5484375 0.034375 0.01484375
0 0.55234375 0.5515625 0.0265625 0.015625
0 0.84921875 0.49609375 0.02890625 0.01640625
0 0.58984375 0.33125 0.07734375 0.02265625
0 0.6359375 0.30859375 0.0671875 0.021875