0 0.7953125 0.8234375 0.0328125 0.03203125
0 0.71171875 0.88359375 0.04375 0.01484375
0 0.61953125 0.9578125 0.0296875 0.0125
0 0.40859375 0.8859375 0.05 0.02109375
0 0.5203125 0.86953125 0.03515625 0.01171875
0 0.58046875 0.8390625 0.0328125 0.01171875
0 0.478125 0.84140625 0.05546875 0.015625
0 0.41328125 0.81953125 0.0359375 0.0171875
0 0.63671875 0.8171875 0.04296875 0.01796875
0 0.5109375 0.79921875 0.06484375 0.0171875
0 0.34375 0.76875 0.04921875 0.0125
0 0.375 0.775 0.0546875 0.009375
0 0.56015625 0.7171875 0.02890625 0.01875
0 0.73359375 0.6984375 0.028125 0.01953125
0 0.41640625 0.75078125 0.05078125 0.01484375
0 0.26015625 0.7484375 0.0359375 0.02890625
0 0.47890625 0.6765625 0.02890625 0.021875
0 0.440625 0.6421875 0.02890625 0.03203125
0 0.50078125 0.65625 0.0296875 0.01484375
0 0.17578125 0.72734375 0.028125 0.025
0 0.209375 0.721875 0.04375 0.0140625
0 0.1796875 0.7 0.05 0.02734375
0 0.2203125 0.7859375 0.0296875 0.02421875
0 0.38984375 0.52890625 0.03125 0.01796875
0 0.5 0.559375 0.028125 0.02265625
0 0.490625 0.5296875 0.0375 0.01640625
0 0.47265625 0.4859375 0.0421875 0.02421875
0 0.54921875 0.4765625 0.02421875 0.034375
0 0.7375 0.4515625 0.03828125 0.0140625
0 0.33515625 0.4125 0.05 0.021875
0 0.14921875 0.46875 0.05390625 0.0109375
0 0.16640625 0.44375 0.03671875 0.015625
0 0.1171875 0.353125 0.0265625 0.01875
0 0.21875 0.290625 0.040625 0.01953125
0 0.2984375 0.30078125 0.046875 0.0234375
0 0.58984375 0.25234375 0.05 0.0296875
0 0.5984375 0.1375 0.04375 0.0265625