0 0.53203125 0.0625 0.028125 0.01640625
0 0.62265625 0.0859375 0.0296875 0.01796875
0 0.64296875 0.23359375 0.0390625 0.01640625
0 0.4625 0.2609375 0.028125 0.01484375
0 0.4890625 0.25625 0.025 0.01796875
0 0.53046875 0.234375 0.0375 0.0203125
0 0.5578125 0.28203125 0.02421875 0.0140625
0 0.61171875 0.3 0.0171875 0.01328125
0 0.440625 0.3109375 0.02734375 0.0140625
0 0.52265625 0.35625 0.03984375 0.01796875
0 0.6875 0.4109375 0.01953125 0.01796875
0 0.78046875 0.4046875 0.028125 0.01328125
0 0.528125 0.440625 0.0328125 0.01953125
0 0.61875 0.50703125 0.03828125 0.021875
0 0.55703125 0.5703125 0.01875 0.0171875
0 0.5796875 0.58984375 0.02109375 0.01171875
0 0.421875 0.5796875 0.02109375 0.01953125
0 0.63515625 0.709375 0.03984375 0.01875
0 0.42109375 0.74140625 0.02890625 0.02109375
0 0.7796875 0.840625 0.04296875 0.0203125
0 0.68125 0.87578125 0.02890625 0.01875
0 0.47421875 0.9453125 0.03515625 0.0171875
0 0.48984375 0.96015625 0.0171875 0.01484375