0 0.67109375 0.94765625 0.04765625 0.02890625
0 0.265625 0.9109375 0.05078125 0.01953125
0 0.509375 0.815625 0.05546875 0.01953125
0 0.65390625 0.76875 0.0546875 0.0140625
0 0.740625 0.7078125 0.04609375 0.021875
0 0.7015625 0.5328125 0.02734375 0.0171875
0 0.7703125 0.68125 0.0328125 0.01328125
0 0.68203125 0.5078125 0.025 0.01953125
0 0.80625 0.67421875 0.03046875 0.01015625
0 0.590625 0.39296875 0.0390625 0.01640625
0 0.42265625 0.396875 0.04609375 0.0203125
0 0.43828125 0.328125 0.05 0.01953125
0 0.52265625 0.3203125 0.0453125 0.01796875
0 0.78984375 0.35625 0.0359375 0.0125
0 0.77578125 0.3203125 0.02421875 0.0234375
0 0.45625 0.2265625 0.02109375 0.01328125
0 0.4734375 0.21953125 0.0265625 0.0140625
0 0.77890625 0.23203125 0.03671875 0.02109375
0 0.78203125 0.296875 0.03671875 0.02265625
0 0.80234375 0.51015625 0.025 0.02265625
0 0.80390625 0.5953125 0.01875 0.01015625
0 0.80625 0.56484375 0.0265625 0.015625
0 0.51796875 0.1625 0.0203125 0.01953125