0 0.25703125 0.93515625 0.03203125 0.00859375
0 0.25703125 0.9234375 0.04375 0.0109375
0 0.34296875 0.88359375 0.03203125 0.01484375
0 0.284375 0.90859375 0.0390625 0.0125
0 0.2859375 0.96171875 0.02109375 0.015625
0 0.66796875 0.90625 0.03203125 0.0140625
0 0.50546875 0.9765625 0.0234375 0.01640625
0 0.28515625 0.83828125 0.04921875 0.02109375
0 0.3640625 0.78203125 0.01484375 0.028125
0 0.509375 0.77421875 0.03515625 0.021875
0 0.31484375 0.67734375 0.02890625 0.0125
0 0.3546875 0.60546875 0.02578125 0.0171875
0 0.3421875 0.5875 0.0328125 0.02109375
0 0.5734375 0.6984375 0.028125 0.01484375
0 0.66875 0.70625 0.03984375 0.015625
0 0.6625 0.7125 0.03125 0.01015625
0 0.61796875 0.675 0.0296875 0.02265625
0 0.38828125 0.61015625 0.0265625 0.02890625
0 0.61640625 0.55625 0.025 0.0078125
0 0.6359375 0.56640625 0.03203125 0.0203125
0 0.678125 0.603125 0.0421875 0.0078125
0 0.36328125 0.45859375 0.04765625 0.0171875
0 0.4359375 0.5078125 0.025 0.025
0 0.57734375 0.503125 0.0484375 0.01328125
0 0.565625 0.4921875 0.04140625 0.015625
0 0.4859375 0.45234375 0.04296875 0.00703125
0 0.53046875 0.4515625 0.03203125 0.0109375
0 0.50625 0.3890625 0.025 0.01328125
0 0.59375 0.39453125 0.03125 0.0125
0 0.6015625 0.434375 0.0359375 0.01015625
0 0.5546875 0.3625 0.01796875 0.015625
0 0.62734375 0.353125 0.03359375 0.00859375
0 0.5203125 0.2546875 0.01953125 0.0140625
0 0.634375 0.27421875 0.02421875 0.01875
0 0.68125 0.2546875 0.06328125 0.01015625
0 0.72734375 0.2796875 0.0265625 0.01796875
0 0.77578125 0.3171875 0.0359375 0.021875
0 0.803125 0.340625 0.015625 0.01328125
0 0.9046875 0.30703125 0.01796875 0.015625
0 0.6515625 0.36328125 0.03203125 0.01015625
0 0.703125 0.371875 0.053125 0.0078125
0 0.67109375 0.42578125 0.02734375 0.015625
0 0.7328125 0.42421875 0.03359375 0.01875
0 0.9078125 0.4328125 0.01796875 0.015625
0 0.88359375 0.47578125 0.0203125 0.01875
0 0.8359375 0.525 0.01875 0.01171875
0 0.6640625 0.4890625 0.02265625 0.00859375
0 0.678125 0.5109375 0.0265625 0.01796875
0 0.7984375 0.5875 0.025 0.015625
0 0.8734375 0.60234375 0.02421875 0.01796875
0 0.7765625 0.66875 0.0234375 0.00859375
0 0.8640625 0.67265625 0.0203125 0.01015625
0 0.80234375 0.71015625 0.025 0.0109375
0 0.67734375 0.778125 0.03359375 0.01328125
0 0.6265625 0.790625 0.02734375 0.01015625
0 0.8171875 0.81484375 0.02265625 0.015625
0 0.81640625 0.78828125 0.01640625 0.0109375
0 0.7625 0.81953125 0.02109375 0.0125
0 0.7234375 0.85546875 0.0296875 0.01015625
0 0.8078125 0.821875 0.02109375 0.01796875
0 0.90390625 0.81640625 0.02421875 0.01484375
0 0.88828125 0.8515625 0.021875 0.01328125
0 0.76171875 0.95234375 0.046875 0.015625
0 0.79921875 0.94921875 0.03359375 0.0140625
0 0.80234375 0.92578125 0.03359375 0.01484375
0 0.89921875 0.9078125 0.053125 0.01328125
0 0.89453125 0.91640625 0.05625 0.01171875
0 0.8265625 0.965625 0.04296875 0.01640625
0 0.9 0.99375 0.05 0.00859375
0 0.9 0.98828125 0.03828125 0.01171875
0 0.6671875 0.96875 0.0390625 0.01484375
0 0.5109375 0.1625 0.02265625 0.01796875
0 0.51015625 0.1359375 0.0328125 0.00859375
0 0.88359375 0.175 0.0359375 0.01953125
0 0.609375 0.13125 0.0203125 0.01171875
0 0.54140625 0.11953125 0.0390625 0.00703125