0 0.4 0.51015625 0.059375 0.03203125
0 0.33828125 0.57734375 0.05390625 0.0328125
0 0.46328125 0.559375 0.0515625 0.02265625
0 0.496875 0.6328125 0.04453125 0.02265625
0 0.5578125 0.62265625 0.03828125 0.015625
0 0.559375 0.42734375 0.06171875 0.03515625
0 0.60703125 0.33203125 0.0375 0.01953125
0 0.57734375 0.23046875 0.028125 0.0203125
0 0.61171875 0.23828125 0.040625 0.01875
0 0.62109375 0.18671875 0.0375 0.021875
0 0.8359375 0.2171875 0.04609375 0.02421875
0 0.73515625 0.3 0.040625 0.02265625
0 0.71796875 0.37265625 0.0390625 0.01875
0 0.76328125 0.3390625 0.04453125 0.015625
0 0.7328125 0.3890625 0.02421875 0.0140625
0 0.6375 0.5046875 0.04765625 0.0265625
0 0.70703125 0.4921875 0.03828125 0.01796875
0 0.7 0.4671875 0.0421875 0.021875
0 0.73828125 0.53125 0.028125 0.01953125
0 0.78359375 0.5328125 0.04453125 0.0265625
0 0.7296875 0.74609375 0.0375 0.0203125
0 0.52421875 0.790625 0.0640625 0.01875
0 0.78671875 0.765625 0.0265625 0.021875
0 0.84375 0.9140625 0.04140625 0.01796875
0 0.484375 0.8921875 0.0609375 0.0171875
0 0.321875 0.84609375 0.059375 0.021875
0 0.2703125 0.9203125 0.06015625 0.01875
0 0.43359375 0.1921875 0.0375 0.02109375
0 0.584375 0.1125 0.053125 0.0203125
0 0.734375 0.1453125 0.0703125 0.034375
0 0.4890625 0.21640625 0.04921875 0.0203125
0 0.32578125 0.45078125 0.03359375 0.02265625
0 0.3796875 0.7265625 0.03984375 0.025
0 0.79609375 0.89140625 0.03984375 0.02109375
0 0.29765625 0.26796875 0.075 0.02421875