0 0.51328125 0.14140625 0.0234375 0.01171875
0 0.453125 0.21328125 0.03046875 0.01328125
0 0.46484375 0.20625 0.02578125 0.01328125
0 0.5359375 0.215625 0.028125 0.00859375
0 0.69609375 0.2203125 0.015625 0.0109375
0 0.5625 0.2890625 0.0171875 0.0140625
0 0.425 0.31953125 0.0265625 0.01171875
0 0.43359375 0.30234375 0.02421875 0.01171875
0 0.77890625 0.2953125 0.01640625 0.01328125
0 0.40546875 0.3828125 0.02109375 0.009375
0 0.5640625 0.3890625 0.02734375 0.02265625
0 0.590625 0.3859375 0.025 0.01796875
0 0.55703125 0.44609375 0.02578125 0.02109375
0 0.65546875 0.571875 0.04296875 0.0171875
0 0.77734375 0.5703125 0.028125 0.0125
0 0.80078125 0.5953125 0.03046875 0.01640625
0 0.68671875 0.68203125 0.025 0.01484375
0 0.68828125 0.66171875 0.0171875 0.0125
0 0.58515625 0.8140625 0.0203125 0.01640625
0 0.61796875 0.8015625 0.01875 0.0171875
0 0.44296875 0.82109375 0.025 0.0109375
0 0.73671875 0.91640625 0.028125 0.015625
0 0.28984375 0.93984375 0.03046875 0.0109375