0 0.60390625 0.1671875 0.03515625 0.01640625
0 0.7015625 0.33203125 0.040625 0.0234375
0 0.41796875 0.4765625 0.0484375 0.0171875
0 0.45546875 0.44296875 0.0421875 0.0109375
0 0.6828125 0.50078125 0.053125 0.0203125
0 0.85625 0.490625 0.040625 0.03515625
0 0.40234375 0.615625 0.03671875 0.01640625
0 0.38671875 0.71171875 0.0421875 0.01953125
0 0.56875 0.64609375 0.034375 0.01171875
0 0.6390625 0.6171875 0.02734375 0.01953125
0 0.72109375 0.57421875 0.02578125 0.02421875
0 0.95546875 0.63203125 0.0203125 0.01171875
0 0.77421875 0.79140625 0.03125 0.01796875
0 0.78671875 0.8703125 0.03359375 0.01640625
0 0.89453125 0.8328125 0.040625 0.02109375
0 0.9109375 0.80234375 0.03515625 0.02109375
0 0.790625 0.96328125 0.04140625 0.0140625
0 0.4171875 0.984375 0.03203125 0.01171875