0 0.3078125 0.365625 0.0640625 0.0203125
0 0.38203125 0.475 0.034375 0.01640625
0 0.3546875 0.58359375 0.05234375 0.01796875
0 0.54140625 0.609375 0.05625 0.0140625
0 0.65390625 0.56875 0.0359375 0.01796875
0 0.71328125 0.6265625 0.0296875 0.01484375
0 0.63125 0.77421875 0.034375 0.025
0 0.35 0.78359375 0.028125 0.01953125
0 0.5328125 0.8671875 0.03125 0.0203125
0 0.70859375 0.815625 0.03203125 0.0140625
0 0.27265625 0.8546875 0.03828125 0.0171875
0 0.68515625 0.92265625 0.02578125 0.0125
0 0.803125 0.89140625 0.0203125 0.01484375