0 0.60625 0.24921875 0.0296875 0.01171875
0 0.56953125 0.303125 0.04375 0.01640625
0 0.44453125 0.4984375 0.04453125 0.01484375
0 0.5546875 0.490625 0.05546875 0.01328125
0 0.63203125 0.5015625 0.04765625 0.01484375
0 0.68046875 0.5890625 0.0171875 0.0140625
0 0.76953125 0.58671875 0.03828125 0.01484375
0 0.6796875 0.63984375 0.04453125 0.01796875
0 0.54921875 0.6609375 0.04296875 0.0140625
0 0.58046875 0.68671875 0.03515625 0.01484375
0 0.74296875 0.73046875 0.03359375 0.01484375
0 0.8234375 0.75625 0.04296875 0.01953125
0 0.90078125 0.85859375 0.0328125 0.01484375