0 0.5171875 0.14140625 0.0265625 0.0125
0 0.51328125 0.11953125 0.0421875 0.0125
0 0.51484375 0.25390625 0.03203125 0.0203125
0 0.6734375 0.2625 0.04765625 0.01484375
0 0.8203125 0.215625 0.05078125 0.02109375
0 0.7125 0.2984375 0.03046875 0.01484375
0 0.54765625 0.34921875 0.04296875 0.01640625
0 0.49375 0.36796875 0.034375 0.0125
0 0.66640625 0.36953125 0.034375 0.015625
0 0.65546875 0.3953125 0.0390625 0.01640625
0 0.62578125 0.421875 0.04296875 0.01640625
0 0.38125 0.44140625 0.053125 0.02265625
0 0.74375 0.42265625 0.0375 0.02734375
0 0.74375 0.50546875 0.021875 0.01953125
0 0.4765625 0.46328125 0.0359375 0.0171875
0 0.63203125 0.55625 0.03125 0.01328125
0 0.3515625 0.5890625 0.0359375 0.01953125
0 0.4265625 0.5984375 0.02265625 0.015625
0 0.39921875 0.63359375 0.0296875 0.0125
0 0.6375 0.61875 0.03671875 0.01328125
0 0.696875 0.609375 0.02421875 0.015625
0 0.603125 0.7015625 0.04453125 0.01640625
0 0.5359375 0.7609375 0.03125 0.0171875
0 0.3296875 0.8546875 0.02734375 0.015625
0 0.81328125 0.86484375 0.04296875 0.021875
0 0.8109375 0.79453125 0.0265625 0.0171875
0 0.696875 0.91015625 0.0140625 0.01796875
0 0.29921875 0.95703125 0.0234375 0.0140625
0 0.27578125 0.91015625 0.0328125 0.0109375
0 0.596875 0.9828125 0.040625 0.0125
0 0.8625 0.8140625 0.02265625 0.01796875
0 0.8296875 0.53828125 0.03203125 0.015625
0 0.81484375 0.5640625 0.02578125 0.015625
0 0.834375 0.5703125 0.01796875 0.0125
0 0.57578125 0.5171875 0.0234375 0.0109375
0 0.89921875 0.39921875 0.021875 0.01640625
0 0.825 0.30234375 0.0359375 0.0140625
0 0.5609375 0.1578125 0.01796875 0.01640625
0 0.690625 0.43515625 0.03125 0.015625
0 0.784375 0.65546875 0.05390625 0.0203125
0 0.734375 0.871875 0.03203125 0.01171875
0 0.3765625 0.83125 0.028125 0.0125
0 0.47109375 0.77578125 0.03515625 0.0203125
0 0.665625 0.78984375 0.02265625 0.015625
0 0.69765625 0.79375 0.0203125 0.0171875
0 0.73515625 0.8390625 0.03125 0.01484375
0 0.715625 0.91015625 0.02109375 0.0171875
0 0.765625 0.46640625 0.028125 0.0203125
0 0.8640625 0.325 0.03828125 0.01015625
0 0.8265625 0.48046875 0.0328125 0.01796875
0 0.575 0.45859375 0.03359375 0.0109375