0 0.7390625 0.790625 0.04921875 0.02109375
0 0.7171875 0.69375 0.04375 0.01171875
0 0.7390625 0.6328125 0.02734375 0.015625
0 0.690625 0.59765625 0.03828125 0.01953125
0 0.52578125 0.5015625 0.040625 0.01484375
0 0.6140625 0.49765625 0.04765625 0.01171875
0 0.7734375 0.40546875 0.0296875 0.01328125
0 0.7765625 0.37109375 0.03671875 0.01640625
0 0.92578125 0.45 0.04453125 0.01875
0 0.940625 0.490625 0.0328125 0.0171875
0 0.803125 0.51328125 0.0515625 0.021875
0 0.859375 0.55703125 0.03984375 0.02265625
0 0.96171875 0.66484375 0.046875 0.01484375
0 0.84765625 0.3234375 0.025 0.0171875
0 0.81171875 0.28984375 0.03671875 0.01171875
0 0.36171875 0.38125 0.03671875 0.01484375