0 0.6 0.0859375 0.08828125 0.01875
0 0.4671875 0.19765625 0.040625 0.02421875
0 0.5546875 0.31328125 0.0328125 0.0265625
0 0.54375 0.353125 0.05625 0.01640625
0 0.37578125 0.46796875 0.05078125 0.015625
0 0.4234375 0.57890625 0.03359375 0.02578125
0 0.79375 0.53671875 0.0546875 0.03359375
0 0.78515625 0.6484375 0.0515625 0.03125
0 0.68203125 0.78359375 0.046875 0.02734375
0 0.7546875 0.784375 0.04609375 0.028125
0 0.6921875 0.85546875 0.0578125 0.028125
0 0.52265625 0.80078125 0.07578125 0.01953125