0 0.59296875 0.2375 0.03046875 0.01171875
0 0.55078125 0.29609375 0.0390625 0.0140625
0 0.4484375 0.496875 0.0421875 0.0171875
0 0.52421875 0.48203125 0.053125 0.0125
0 0.6296875 0.490625 0.0515625 0.021875
0 0.66953125 0.6359375 0.02578125 0.02109375
0 0.71015625 0.6609375 0.04921875 0.01875
0 0.690625 0.59453125 0.04296875 0.01875
0 0.85625 0.6359375 0.03671875 0.0140625
0 0.475 0.74453125 0.04609375 0.0265625
0 0.7609375 0.7296875 0.02421875 0.01875
0 0.84296875 0.76171875 0.02890625 0.021875
0 0.65234375 0.79453125 0.02890625 0.01640625