0 0.2703125 0.91328125 0.0703125 0.01875
0 0.56796875 0.9140625 0.0265625 0.01953125
0 0.64140625 0.9890625 0.03984375 0.0171875
0 0.7546875 0.959375 0.05 0.0140625
0 0.90703125 0.9515625 0.04140625 0.01796875
0 0.63828125 0.84921875 0.0359375 0.03671875
0 0.45859375 0.81875 0.0609375 0.021875
0 0.3078125 0.7375 0.05859375 0.0265625
0 0.42109375 0.70078125 0.053125 0.01875
0 0.58359375 0.6 0.040625 0.01875
0 0.88359375 0.6453125 0.0328125 0.01484375
0 0.89140625 0.55859375 0.02578125 0.01953125
0 0.4546875 0.49375 0.04140625 0.02265625
0 0.52578125 0.4125 0.03203125 0.015625
0 0.890625 0.4375 0.034375 0.02734375
0 0.91328125 0.7609375 0.0171875 0.0234375