0 0.72734375 0.6765625 0.04140625 0.01953125
0 0.5875 0.6453125 0.0484375 0.02421875
0 0.78359375 0.58671875 0.03828125 0.02578125
0 0.8359375 0.71171875 0.059375 0.02421875
0 0.846875 0.79765625 0.03984375 0.01875
0 0.57265625 0.96953125 0.03359375 0.01875
0 0.3984375 0.48671875 0.05859375 0.02109375
0 0.621875 0.5046875 0.0375 0.01328125
0 0.70078125 0.41953125 0.0453125 0.0234375
0 0.6578125 0.525 0.03828125 0.01953125
0 0.54453125 0.31328125 0.040625 0.01875
0 0.6171875 0.1859375 0.03671875 0.025