0 0.81953125 0.49609375 0.04375 0.021875
0 0.265625 0.6578125 0.05078125 0.01953125
0 0.26015625 0.7390625 0.0796875 0.01640625
0 0.2875 0.76796875 0.05703125 0.02265625
0 0.453125 0.834375 0.0453125 0.0203125
0 0.58671875 0.85390625 0.02890625 0.01640625
0 0.51171875 0.8390625 0.0328125 0.0171875
0 0.66171875 0.840625 0.04765625 0.02734375
0 0.37578125 0.92109375 0.03359375 0.01171875
0 0.3703125 0.9109375 0.040625 0.01328125
0 0.2484375 0.91640625 0.02890625 0.0203125
0 0.29765625 0.89296875 0.04140625 0.01875
0 0.4203125 0.940625 0.05234375 0.01328125
0 0.4234375 0.99140625 0.05625 0.0171875
0 0.7546875 0.9421875 0.03828125 0.02109375
0 0.85859375 0.98203125 0.040625 0.01875