0 0.7671875 0.30859375 0.0390625 0.0234375
0 0.55859375 0.3671875 0.04296875 0.028125
0 0.65390625 0.36796875 0.059375 0.02890625
0 0.7203125 0.39921875 0.0359375 0.02734375
0 0.575 0.4515625 0.03671875 0.0125
0 0.59453125 0.43046875 0.04921875 0.02265625
0 0.46796875 0.41015625 0.03125 0.0234375
0 0.4765625 0.45703125 0.03515625 0.01640625
0 0.38515625 0.459375 0.03046875 0.01328125
0 0.37578125 0.440625 0.03671875 0.01640625
0 0.31875 0.45234375 0.0421875 0.01875
0 0.68359375 0.4578125 0.03515625 0.01640625
0 0.69296875 0.49140625 0.02421875 0.01484375
0 0.61328125 0.496875 0.02890625 0.01484375
0 0.67421875 0.5578125 0.02421875 0.0109375
0 0.70703125 0.56796875 0.028125 0.01640625
0 0.59453125 0.578125 0.02578125 0.01484375
0 0.603125 0.59453125 0.0203125 0.01953125
0 0.66953125 0.603125 0.0296875 0.02265625
0 0.7984375 0.6125 0.0328125 0.02109375
0 0.58671875 0.68359375 0.0390625 0.0265625
0 0.66640625 0.740625 0.02578125 0.0171875
0 0.696875 0.71328125 0.028125 0.0203125
0 0.62421875 0.73828125 0.0234375 0.01953125
0 0.7109375 0.759375 0.025 0.01328125
0 0.71484375 0.74296875 0.02265625 0.0203125
0 0.75703125 0.753125 0.0203125 0.01640625
0 0.2765625 0.69765625 0.03671875 0.01953125
0 0.2171875 0.5484375 0.03984375 0.0234375
0 0.60390625 0.8359375 0.028125 0.01484375
0 0.6890625 0.828125 0.03828125 0.021875
0 0.78125 0.91171875 0.021875 0.01484375
0 0.6 0.99140625 0.0375 0.0171875