0 0.28125 0.915625 0.03671875 0.00859375
0 0.2890625 0.95703125 0.0140625 0.01171875
0 0.30703125 0.96640625 0.02578125 0.01015625
0 0.59921875 0.9828125 0.02421875 0.00859375
0 0.62109375 0.99140625 0.01953125 0.01640625
0 0.33984375 0.85703125 0.01484375 0.0125
0 0.39453125 0.80546875 0.025 0.01328125
0 0.54140625 0.74765625 0.02109375 0.01484375
0 0.49921875 0.78125 0.034375 0.01171875
0 0.69140625 0.8 0.01953125 0.00703125
0 0.7078125 0.83203125 0.01953125 0.01953125
0 0.7125 0.89609375 0.03125 0.0109375
0 0.73828125 0.87265625 0.03828125 0.01640625
0 0.7765625 0.86640625 0.02265625 0.01640625
0 0.82421875 0.79453125 0.028125 0.0203125
0 0.8109375 0.84609375 0.01328125 0.0140625
0 0.865625 0.8234375 0.02734375 0.0171875
0 0.903125 0.8609375 0.0171875 0.01171875
0 0.8953125 0.83984375 0.015625 0.0078125
0 0.9296875 0.8515625 0.01171875 0.00859375
0 0.7328125 0.9078125 0.0234375 0.01953125
0 0.75 0.9921875 0.02109375 0.00859375
0 0.80625 0.965625 0.025 0.01328125
0 0.88984375 0.97734375 0.02109375 0.01015625
0 0.91015625 0.97421875 0.02109375 0.0140625
0 0.57109375 0.696875 0.03203125 0.0140625
0 0.2671875 0.725 0.01328125 0.01484375
0 0.41015625 0.6375 0.0359375 0.01875
0 0.4671875 0.61953125 0.03515625 0.01171875
0 0.36171875 0.59375 0.0359375 0.01328125
0 0.62109375 0.55703125 0.040625 0.009375
0 0.653125 0.6 0.02890625 0.0140625
0 0.73515625 0.63671875 0.03671875 0.01328125
0 0.83828125 0.6875 0.01953125 0.0109375
0 0.81640625 0.57890625 0.01796875 0.01015625
0 0.7625 0.54453125 0.03671875 0.0109375
0 0.82890625 0.5546875 0.01484375 0.0078125
0 0.81328125 0.54296875 0.01796875 0.01796875
0 0.746875 0.521875 0.02265625 0.01875
0 0.75859375 0.50546875 0.02109375 0.01640625
0 0.578125 0.53671875 0.03125 0.01484375
0 0.4859375 0.49453125 0.03359375 0.01328125
0 0.3703125 0.44296875 0.04296875 0.01953125
0 0.51875 0.2640625 0.0265625 0.01484375
0 0.49453125 0.37734375 0.04375 0.025
0 0.56015625 0.35859375 0.0359375 0.01875
0 0.58203125 0.36015625 0.02578125 0.0140625
0 0.62734375 0.38359375 0.02265625 0.0265625
0 0.653125 0.4015625 0.0296875 0.0078125
0 0.66484375 0.4296875 0.02734375 0.01484375
0 0.7171875 0.4359375 0.02890625 0.0109375
0 0.70078125 0.42890625 0.0296875 0.01171875
0 0.75 0.4296875 0.01640625 0.02890625
0 0.65703125 0.3515625 0.03359375 0.0125
0 0.70859375 0.30703125 0.0234375 0.01328125
0 0.61640625 0.28359375 0.04296875 0.0125
0 0.7875 0.30625 0.03203125 0.0140625
0 0.85859375 0.334375 0.03125 0.01640625
0 0.8546875 0.31015625 0.03359375 0.01015625
0 0.82890625 0.2234375 0.0640625 0.01328125
0 0.878125 0.39453125 0.01640625 0.0234375
0 0.89140625 0.403125 0.0140625 0.01328125
0 0.8359375 0.4328125 0.03515625 0.0046875
0 0.85234375 0.4921875 0.04296875 0.025
0 0.6078125 0.17578125 0.0390625 0.0109375
0 0.55078125 0.16484375 0.05546875 0.01875
0 0.50546875 0.14453125 0.0296875 0.01328125
0 0.50703125 0.1234375 0.0421875 0.01796875