0 0.40859375 0.15859375 0.04609375 0.01875
0 0.48671875 0.20859375 0.04375 0.01640625
0 0.11171875 0.28671875 0.0421875 0.02109375
0 0.15859375 0.33125 0.053125 0.0203125
0 0.49921875 0.39140625 0.04375 0.01484375
0 0.3328125 0.453125 0.0453125 0.015625
0 0.2640625 0.49921875 0.03671875 0.01796875
0 0.30859375 0.515625 0.04609375 0.01875
0 0.5390625 0.5296875 0.05 0.01953125
0 0.490625 0.5921875 0.0234375 0.01328125
0 0.34609375 0.61875 0.0234375 0.01015625
0 0.3796875 0.71640625 0.03125 0.01328125
0 0.2328125 0.7671875 0.0453125 0.01796875
0 0.27109375 0.7640625 0.0390625 0.01484375
0 0.321875 0.77421875 0.02734375 0.021875
0 0.31171875 0.76171875 0.034375 0.021875
0 0.453125 0.7640625 0.01796875 0.01640625
0 0.42578125 0.81875 0.03515625 0.01015625
0 0.4609375 0.82890625 0.053125 0.0125
0 0.60234375 0.784375 0.03046875 0.02890625
0 0.6890625 0.796875 0.046875 0.01875
0 0.79609375 0.78984375 0.03046875 0.01953125
0 0.77265625 0.89609375 0.05546875 0.0203125
0 0.79140625 0.8875 0.03359375 0.0171875
0 0.5984375 0.91484375 0.0390625 0.00703125
0 0.61015625 0.90234375 0.04140625 0.0140625
0 0.8359375 0.7859375 0.040625 0.0296875
0 0.82890625 0.83203125 0.03984375 0.015625