0 0.4484375 0.24765625 0.06796875 0.03671875
0 0.56171875 0.22734375 0.07578125 0.0390625
0 0.70078125 0.2765625 0.08203125 0.040625
0 0.48671875 0.30546875 0.04296875 0.02890625
0 0.49453125 0.3890625 0.0609375 0.0375
0 0.4375 0.6203125 0.046875 0.03515625
0 0.38125 0.60703125 0.053125 0.0296875
0 0.28828125 0.67734375 0.04921875 0.0265625
0 0.30703125 0.64296875 0.07421875 0.021875
0 0.209375 0.62734375 0.0390625 0.0328125
0 0.72265625 0.6890625 0.0453125 0.03046875
0 0.72109375 0.6046875 0.04765625 0.03359375
0 0.79765625 0.52421875 0.0515625 0.02578125
0 0.8015625 0.75703125 0.05625 0.03046875
0 0.53046875 0.89765625 0.06875 0.021875
0 0.35703125 0.90859375 0.0484375 0.0359375
0 0.42578125 0.884375 0.0359375 0.02578125
0 0.7796875 0.834375 0.06484375 0.03125