0 0.84375 0.98984375 0.0171875 0.00703125
0 0.8421875 0.98125 0.025 0.009375
0 0.4421875 0.925 0.021875 0.01328125
0 0.52109375 0.88671875 0.040625 0.01875
0 0.4234375 0.875 0.04296875 0.0125
0 0.48984375 0.80234375 0.0625 0.015625
0 0.65078125 0.8125 0.034375 0.01328125
0 0.79453125 0.8296875 0.04375 0.015625
0 0.72421875 0.7796875 0.03203125 0.015625
0 0.5578125 0.7484375 0.053125 0.01484375
0 0.384375 0.79453125 0.028125 0.0125
0 0.38984375 0.9109375 0.03359375 0.01328125
0 0.39140625 0.95390625 0.03671875 0.01484375
0 0.46015625 0.93984375 0.02734375 0.015625
0 0.47109375 0.96796875 0.02265625 0.01796875
0 0.6 0.896875 0.02890625 0.01953125
0 0.78125 0.92890625 0.0375 0.01171875
0 0.8375 0.940625 0.04296875 0.01015625
0 0.82265625 0.93125 0.0171875 0.00703125
0 0.83125 0.91328125 0.01953125 0.01328125
0 0.8375 0.87109375 0.02109375 0.0125
0 0.39609375 0.7296875 0.025 0.0109375
0 0.671875 0.71953125 0.0578125 0.0078125
0 0.42421875 0.690625 0.01953125 0.01171875
0 0.41796875 0.665625 0.02265625 0.0078125
0 0.36953125 0.625 0.025 0.0140625
0 0.32578125 0.61796875 0.02734375 0.01484375
0 0.26484375 0.584375 0.025 0.015625
0 0.16015625 0.60078125 0.0265625 0.0078125
0 0.26796875 0.5734375 0.03046875 0.0171875
0 0.38046875 0.5484375 0.01953125 0.009375
0 0.28046875 0.5578125 0.0296875 0.02109375
0 0.1953125 0.55703125 0.015625 0.0171875
0 0.5046875 0.5890625 0.0421875 0.0125
0 0.43125 0.6 0.02421875 0.0109375
0 0.57734375 0.57109375 0.0265625 0.00703125
0 0.721875 0.559375 0.02109375 0.01484375
0 0.83359375 0.609375 0.01328125 0.01328125
0 0.80546875 0.65234375 0.03984375 0.009375
0 0.84140625 0.63359375 0.015625 0.0078125
0 0.22734375 0.48125 0.01953125 0.01484375
0 0.2 0.46875 0.0234375 0.01171875
0 0.14296875 0.409375 0.03828125 0.02109375
0 0.31484375 0.4328125 0.02890625 0.0109375
0 0.4703125 0.384375 0.03515625 0.0140625
0 0.56953125 0.34375 0.021875 0.0140625
0 0.64921875 0.440625 0.02265625 0.01953125
0 0.6546875 0.41875 0.02265625 0.01796875
0 0.728125 0.4375 0.025 0.01484375
0 0.81953125 0.45078125 0.0203125 0.01328125
0 0.7515625 0.31328125 0.02265625 0.01640625
0 0.80859375 0.3796875 0.02734375 0.01171875
0 0.834375 0.39140625 0.02265625 0.015625
0 0.8265625 0.36875 0.02421875 0.0125
0 0.76953125 0.27734375 0.01953125 0.025
0 0.6953125 0.221875 0.04140625 0.0171875
0 0.45078125 0.2734375 0.03359375 0.015625
0 0.36875 0.16484375 0.03203125 0.00703125
0 0.64921875 0.1296875 0.0265625 0.009375
0 0.40859375 0.1484375 0.02734375 0.01484375
0 0.45703125 0.13515625 0.02734375 0.01171875