0 0.30859375 0.09453125 0.04140625 0.01640625
0 0.2640625 0.11171875 0.0265625 0.025
0 0.1828125 0.13203125 0.03515625 0.025
0 0.55546875 0.15703125 0.03125 0.01640625
0 0.61953125 0.08515625 0.03125 0.02265625
0 0.31328125 0.24765625 0.04453125 0.03125
0 0.621875 0.2703125 0.03359375 0.01875
0 0.58828125 0.3046875 0.0375 0.01796875
0 0.365625 0.3609375 0.0390625 0.0234375
0 0.440625 0.3734375 0.028125 0.02265625
0 0.45859375 0.38828125 0.02890625 0.015625
0 0.50703125 0.40625 0.03671875 0.01796875
0 0.48515625 0.43984375 0.0359375 0.025
0 0.6265625 0.4578125 0.03203125 0.01796875
0 0.709375 0.45703125 0.03515625 0.01953125
0 0.159375 0.45078125 0.040625 0.0203125
0 0.0546875 0.4875 0.02578125 0.01875
0 0.175 0.56484375 0.04140625 0.02265625
0 0.38203125 0.59453125 0.04453125 0.015625
0 0.46015625 0.5578125 0.04453125 0.01796875
0 0.340625 0.6296875 0.03828125 0.02109375
0 0.55546875 0.646875 0.0328125 0.01640625
0 0.51171875 0.665625 0.04609375 0.01953125
0 0.4796875 0.68359375 0.03984375 0.0140625
0 0.56015625 0.70078125 0.04609375 0.0171875
0 0.62890625 0.6875 0.0375 0.01640625
0 0.63125 0.659375 0.04140625 0.015625
0 0.66328125 0.6390625 0.028125 0.0203125
0 0.73125 0.64453125 0.02265625 0.0171875
0 0.71875 0.61875 0.0234375 0.01640625
0 0.76640625 0.63203125 0.025 0.0140625
0 0.7640625 0.6203125 0.025 0.0109375
0 0.7640625 0.60234375 0.02734375 0.01171875
0 0.759375 0.5875 0.01953125 0.0140625
0 0.76484375 0.659375 0.025 0.0171875
0 0.18828125 0.709375 0.0234375 0.01640625
0 0.14375 0.75546875 0.03828125 0.02421875
0 0.30859375 0.75703125 0.03984375 0.01953125
0 0.353125 0.8046875 0.04296875 0.02265625
0 0.740625 0.76015625 0.01953125 0.01640625
0 0.765625 0.80078125 0.02578125 0.01953125
0 0.78828125 0.79375 0.02265625 0.0171875
0 0.6515625 0.8171875 0.021875 0.01796875
0 0.64921875 0.846875 0.028125 0.02578125
0 0.6671875 0.8328125 0.0265625 0.01796875
0 0.56328125 0.8953125 0.02734375 0.0203125
0 0.2328125 0.87109375 0.03515625 0.0140625
0 0.21171875 0.909375 0.03671875 0.01953125
0 0.1390625 0.909375 0.040625 0.021875
0 0.1921875 0.9390625 0.0359375 0.015625
0 0.20546875 0.91328125 0.0078125 0.00078125
0 0.27265625 0.94453125 0.04296875 0.01953125
0 0.2046875 0.9078125 0.00859375 0.00234375