0 0.6765625 0.80625 0.025 0.02109375
0 0.746875 0.85078125 0.05078125 0.02734375
0 0.54921875 0.65859375 0.0453125 0.028125
0 0.60625 0.6453125 0.04140625 0.0265625
0 0.4359375 0.44609375 0.0421875 0.0359375
0 0.71015625 0.35859375 0.08125 0.0296875
0 0.66953125 0.5078125 0.06953125 0.0296875
0 0.84140625 0.47109375 0.05859375 0.03125
0 0.71640625 0.56875 0.07421875 0.0265625
0 0.896875 0.8296875 0.059375 0.02890625
0 0.88046875 0.77265625 0.06171875 0.03515625
0 0.43828125 0.98515625 0.03125 0.01015625
0 0.328125 0.609375 0.0359375 0.0109375