0 0.48671875 0.1328125 0.05703125 0.028125
0 0.4390625 0.16328125 0.0421875 0.02734375
0 0.5390625 0.11796875 0.05390625 0.02734375
0 0.7265625 0.1703125 0.0484375 0.0234375
0 0.5390625 0.2421875 0.04375 0.0328125
0 0.81640625 0.30546875 0.03359375 0.02578125
0 0.803125 0.34296875 0.03046875 0.01796875
0 0.8359375 0.3265625 0.0421875 0.0171875
0 0.91875 0.37421875 0.03671875 0.0203125
0 0.69140625 0.4203125 0.0390625 0.02109375
0 0.75078125 0.39609375 0.034375 0.02578125
0 0.71171875 0.43203125 0.01640625 0.02109375
0 0.79609375 0.440625 0.03046875 0.0234375
0 0.62578125 0.3921875 0.021875 0.0203125
0 0.6515625 0.39375 0.02421875 0.02578125
0 0.56171875 0.3765625 0.03125 0.01875
0 0.3625 0.46015625 0.0453125 0.02265625
0 0.25 0.49296875 0.034375 0.01875
0 0.35859375 0.57109375 0.03828125 0.01796875
0 0.48671875 0.5859375 0.0328125 0.01875
0 0.61875 0.484375 0.034375 0.01796875
0 0.6328125 0.54453125 0.03828125 0.01953125
0 0.82109375 0.52421875 0.0265625 0.0203125
0 0.9078125 0.54140625 0.01953125 0.01875
0 0.909375 0.45546875 0.0265625 0.02109375
0 0.878125 0.59453125 0.0359375 0.01796875
0 0.85078125 0.63984375 0.0265625 0.01875
0 0.83125 0.6703125 0.0234375 0.0203125
0 0.8765625 0.68671875 0.02421875 0.01875
0 0.7046875 0.62421875 0.0265625 0.01484375
0 0.53515625 0.640625 0.02265625 0.02421875
0 0.56640625 0.64921875 0.0390625 0.02421875
0 0.4078125 0.646875 0.04296875 0.01953125
0 0.35 0.7140625 0.03125 0.01875
0 0.46171875 0.759375 0.040625 0.0171875
0 0.64296875 0.73125 0.0375 0.021875
0 0.68515625 0.7328125 0.03203125 0.0234375
0 0.70859375 0.7703125 0.0625 0.0234375
0 0.73671875 0.759375 0.03359375 0.0140625
0 0.778125 0.759375 0.028125 0.0171875
0 0.92421875 0.73515625 0.03828125 0.02890625
0 0.9375 0.79609375 0.04140625 0.01796875
0 0.93046875 0.77734375 0.0375 0.02734375
0 0.5296875 0.80625 0.0328125 0.01953125
0 0.3296875 0.93828125 0.02734375 0.03125
0 0.3328125 0.89453125 0.0375 0.01796875
0 0.3453125 0.87578125 0.0359375 0.015625
0 0.278125 0.90078125 0.040625 0.01796875
0 0.44140625 0.95859375 0.04453125 0.015625
0 0.71875 0.83359375 0.025 0.01953125
0 0.7734375 0.87734375 0.03671875 0.01328125
0 0.79453125 0.90859375 0.03359375 0.021875
0 0.84375 0.959375 0.0375 0.021875
0 0.87734375 0.953125 0.03125 0.0171875
0 0.88046875 0.865625 0.0375 0.02265625
0 0.89453125 0.828125 0.02109375 0.01953125