0 0.6 0.15234375 0.02265625 0.01328125
0 0.48515625 0.38046875 0.04765625 0.015625
0 0.609375 0.38203125 0.040625 0.0140625
0 0.7125 0.3875 0.025 0.0140625
0 0.55234375 0.40078125 0.0578125 0.01171875
0 0.88203125 0.42578125 0.040625 0.0109375
0 0.8015625 0.45859375 0.05390625 0.01328125
0 0.53515625 0.45390625 0.0546875 0.0109375
0 0.359375 0.4375 0.025 0.01171875
0 0.36328125 0.50078125 0.0609375 0.015625
0 0.5546875 0.52578125 0.046875 0.01875
0 0.64375 0.540625 0.0265625 0.0140625
0 0.6953125 0.52734375 0.03359375 0.01484375
0 0.4359375 0.58359375 0.028125 0.00859375
0 0.75859375 0.76328125 0.02578125 0.0171875
0 0.45234375 0.94921875 0.034375 0.015625
0 0.834375 0.97578125 0.03671875 0.0203125
0 0.8859375 0.9765625 0.040625 0.0140625