0 0.51328125 0.1671875 0.0515625 0.0234375
0 0.446875 0.20703125 0.0359375 0.02734375
0 0.47421875 0.209375 0.03203125 0.028125
0 0.4984375 0.26015625 0.04921875 0.02421875
0 0.49609375 0.5828125 0.05390625 0.03203125
0 0.5671875 0.65546875 0.04765625 0.01953125
0 0.31953125 0.6265625 0.04375 0.01640625
0 0.28984375 0.59765625 0.05078125 0.01953125
0 0.4671875 0.7234375 0.05703125 0.01953125
0 0.7671875 0.67734375 0.03203125 0.01875
0 0.8078125 0.70546875 0.03671875 0.02578125
0 0.81953125 0.65546875 0.0296875 0.01640625
0 0.65859375 0.8140625 0.06171875 0.02734375
0 0.53515625 0.9078125 0.05234375 0.01875
0 0.35390625 0.915625 0.04921875 0.03125