0 0.3421875 0.15078125 0.015625 0.0234375
0 0.40078125 0.1421875 0.02578125 0.015625
0 0.4453125 0.13125 0.01640625 0.015625
0 0.68125 0.203125 0.02734375 0.01875
0 0.77265625 0.26484375 0.028125 0.0171875
0 0.45625 0.2578125 0.025 0.01484375
0 0.7453125 0.30625 0.0234375 0.01328125
0 0.72265625 0.35 0.0234375 0.01796875
0 0.56796875 0.33984375 0.034375 0.01953125
0 0.47421875 0.38203125 0.02890625 0.01484375
0 0.61796875 0.40703125 0.01484375 0.01953125
0 0.8015625 0.41171875 0.02109375 0.015625
0 0.8359375 0.36484375 0.02734375 0.01796875
0 0.59921875 0.43359375 0.02734375 0.0171875
0 0.71796875 0.4609375 0.02734375 0.0140625
0 0.79921875 0.4796875 0.01875 0.01328125
0 0.78125 0.5140625 0.02734375 0.01953125
0 0.709375 0.55546875 0.01328125 0.01484375
0 0.83984375 0.60859375 0.02265625 0.01796875
0 0.8421875 0.6453125 0.025 0.0171875
0 0.615625 0.6171875 0.0296875 0.01875
0 0.47265625 0.58046875 0.02734375 0.0140625
0 0.4140625 0.571875 0.025 0.01640625
0 0.26953125 0.46640625 0.02890625 0.0171875
0 0.159375 0.4984375 0.021875 0.01171875
0 0.2796875 0.59375 0.0375 0.01953125
0 0.25625 0.71796875 0.021875 0.01484375
0 0.26875 0.703125 0.02265625 0.015625
0 0.53125 0.7328125 0.025 0.01640625
0 0.68671875 0.72265625 0.0265625 0.0140625