0 0.3859375 0.2703125 0.04921875 0.02109375
0 0.50625 0.3421875 0.06640625 0.03984375
0 0.56796875 0.4875 0.0359375 0.0328125
0 0.6828125 0.46328125 0.04921875 0.03125
0 0.72265625 0.59140625 0.053125 0.03046875
0 0.34453125 0.60546875 0.05234375 0.0203125
0 0.35 0.58671875 0.05078125 0.025
0 0.1953125 0.653125 0.0546875 0.0265625
0 0.253125 0.68046875 0.0390625 0.01640625
0 0.28203125 0.684375 0.0234375 0.0203125
0 0.28671875 0.6578125 0.04140625 0.02109375
0 0.60234375 0.73828125 0.03984375 0.0296875
0 0.56640625 0.8 0.07578125 0.02734375
0 0.41640625 0.909375 0.05078125 0.02578125
0 0.44765625 0.87265625 0.0375 0.02109375
0 0.4484375 0.8484375 0.0453125 0.01484375
0 0.3625 0.88828125 0.04765625 0.0234375