0 0.521875 0.15625 0.02734375 0.01640625
0 0.46171875 0.228125 0.0265625 0.015625
0 0.465625 0.21796875 0.0171875 0.0125
0 0.7890625 0.2328125 0.01796875 0.01796875
0 0.7890625 0.29375 0.0328125 0.02421875
0 0.77265625 0.321875 0.03671875 0.01484375
0 0.58984375 0.328125 0.0234375 0.01796875
0 0.53046875 0.321875 0.02734375 0.0203125
0 0.44296875 0.3296875 0.02890625 0.0171875
0 0.4296875 0.39296875 0.028125 0.0171875
0 0.60078125 0.4046875 0.0234375 0.01953125
0 0.69765625 0.559375 0.02890625 0.0171875
0 0.69453125 0.54140625 0.0234375 0.01796875
0 0.80703125 0.58828125 0.01875 0.01640625
0 0.7984375 0.571875 0.02109375 0.01875
0 0.80234375 0.67109375 0.03125 0.0203125
0 0.75703125 0.7765625 0.0296875 0.02734375
0 0.7765625 0.75078125 0.0234375 0.01953125
0 0.621875 0.7578125 0.0375 0.02421875
0 0.5125 0.8140625 0.05234375 0.025
0 0.26875 0.91640625 0.02890625 0.01875
0 0.65078125 0.971875 0.0421875 0.021875