0 0.26328125 0.9171875 0.065625 0.01171875
0 0.3453125 0.8890625 0.0375 0.01328125
0 0.403125 0.90078125 0.02109375 0.03515625
0 0.471875 0.925 0.02578125 0.02109375
0 0.53125 0.91484375 0.0359375 0.0125
0 0.5609375 0.903125 0.0375 0.0203125
0 0.65390625 0.896875 0.02890625 0.01484375
0 0.61640625 0.87890625 0.028125 0.0203125
0 0.66875 0.86015625 0.0296875 0.01796875
0 0.5359375 0.8296875 0.03125 0.015625
0 0.559375 0.825 0.0359375 0.01796875
0 0.38359375 0.76640625 0.04375 0.025
0 0.51171875 0.753125 0.04140625 0.01328125
0 0.29765625 0.73984375 0.0390625 0.02109375
0 0.31796875 0.5625 0.0328125 0.01484375
0 0.8015625 0.51328125 0.04296875 0.01953125