0 0.58828125 0.29453125 0.05390625 0.0328125
0 0.56328125 0.47109375 0.0453125 0.02578125
0 0.70859375 0.45 0.02421875 0.02265625
0 0.7984375 0.48359375 0.04296875 0.0265625
0 0.6125 0.484375 0.04921875 0.01796875
0 0.84296875 0.53046875 0.02265625 0.0234375
0 0.87578125 0.55 0.03359375 0.0109375
0 0.4359375 0.534375 0.0453125 0.01953125
0 0.53046875 0.5390625 0.05078125 0.01640625
0 0.6953125 0.75078125 0.0578125 0.02578125
0 0.74140625 0.78359375 0.04375 0.02109375
0 0.6203125 0.8078125 0.0578125 0.02734375
0 0.6796875 0.840625 0.04375 0.0125
0 0.55234375 0.82421875 0.053125 0.0203125