0 0.71640625 0.81328125 0.05859375 0.02421875
0 0.84296875 0.81484375 0.0484375 0.0140625
0 0.8421875 0.784375 0.02890625 0.01640625
0 0.6234375 0.73984375 0.03125 0.01796875
0 0.7109375 0.59921875 0.05078125 0.0203125
0 0.8015625 0.5765625 0.034375 0.01328125
0 0.890625 0.5703125 0.021875 0.01796875
0 0.68046875 0.53125 0.03125 0.01875
0 0.62109375 0.5078125 0.03515625 0.0140625
0 0.7890625 0.48671875 0.03828125 0.009375
0 0.82578125 0.51328125 0.03671875 0.01171875
0 0.8234375 0.4953125 0.05078125 0.0125
0 0.85546875 0.46171875 0.0265625 0.01796875
0 0.890625 0.4828125 0.0390625 0.01953125
0 0.915625 0.5109375 0.03359375 0.0109375