0 0.80625 0.48046875 0.05234375 0.0203125
0 0.371875 0.53359375 0.06171875 0.02109375
0 0.44296875 0.55546875 0.03203125 0.01640625
0 0.24375 0.76953125 0.034375 0.0140625
0 0.2859375 0.73515625 0.04921875 0.01953125
0 0.3796875 0.74140625 0.040625 0.015625
0 0.41015625 0.71953125 0.0296875 0.021875
0 0.428125 0.87890625 0.03984375 0.01875
0 0.259375 0.9203125 0.04453125 0.01328125
0 0.534375 0.96015625 0.04921875 0.021875
0 0.70390625 0.95078125 0.03203125 0.01953125
0 0.6890625 0.928125 0.03671875 0.01953125
0 0.59453125 0.76171875 0.05078125 0.01796875
0 0.825 0.66875 0.06328125 0.02109375
0 0.81640625 0.6078125 0.03984375 0.01875