0 0.5328125 0.31875 0.04140625 0.02578125
0 0.39296875 0.48515625 0.05390625 0.0265625
0 0.703125 0.42421875 0.06171875 0.02109375
0 0.6203125 0.53125 0.02734375 0.0171875
0 0.6453125 0.54453125 0.02890625 0.01171875
0 0.78984375 0.59296875 0.03984375 0.02265625
0 0.5796875 0.65390625 0.04375 0.0203125
0 0.740625 0.6953125 0.03671875 0.021875
0 0.83671875 0.715625 0.0328125 0.021875
0 0.83984375 0.7890625 0.02890625 0.01640625
0 0.57421875 0.95703125 0.04453125 0.025
0 0.61171875 0.20546875 0.034375 0.015625