0 0.56015625 0.85078125 0.0578125 0.02109375
0 0.6234375 0.86015625 0.0453125 0.025
0 0.61953125 0.92421875 0.03828125 0.02578125
0 0.52265625 0.6328125 0.05703125 0.0265625
0 0.65078125 0.61015625 0.0453125 0.03125
0 0.77890625 0.59765625 0.03125 0.01796875
0 0.79140625 0.575 0.0375 0.01484375
0 0.7390625 0.6546875 0.03125 0.02421875
0 0.43125 0.41484375 0.0609375 0.02109375
0 0.253125 0.35 0.04609375 0.0140625
0 0.4578125 0.35234375 0.03359375 0.01171875
0 0.725 0.33828125 0.0421875 0.0203125
0 0.85390625 0.28125 0.0578125 0.01796875
0 0.25234375 0.2734375 0.03984375 0.0203125
0 0.24609375 0.26328125 0.03125 0.0171875
0 0.83984375 0.1640625 0.03828125 0.0234375