0 0.44453125 0.1375 0.03671875 0.0140625
0 0.49609375 0.12578125 0.02421875 0.0203125
0 0.5375 0.12578125 0.0265625 0.0171875
0 0.6390625 0.18203125 0.021875 0.0140625
0 0.5109375 0.26328125 0.03828125 0.01953125
0 0.61796875 0.3109375 0.02890625 0.01796875
0 0.6234375 0.2984375 0.0296875 0.01875
0 0.72578125 0.284375 0.0375 0.01328125
0 0.75859375 0.35625 0.028125 0.0203125
0 0.80390625 0.334375 0.02890625 0.0140625
0 0.8234375 0.30234375 0.03125 0.021875
0 0.8515625 0.303125 0.015625 0.01953125
0 0.88515625 0.2890625 0.04375 0.00703125
0 0.7859375 0.38515625 0.03203125 0.01796875
0 0.546875 0.375 0.046875 0.0109375
0 0.58359375 0.38671875 0.04765625 0.01484375
0 0.61640625 0.39140625 0.03515625 0.0140625
0 0.3484375 0.43671875 0.0328125 0.02109375
0 0.75078125 0.43203125 0.0234375 0.0234375
0 0.71640625 0.45859375 0.065625 0.01484375
0 0.81953125 0.45234375 0.0328125 0.01171875
0 0.859375 0.44140625 0.03046875 0.01875
0 0.90625 0.35546875 0.02109375 0.0171875
0 0.921875 0.396875 0.0203125 0.0203125
0 0.91875 0.37265625 0.01796875 0.01484375
0 0.74609375 0.50390625 0.03671875 0.015625
0 0.66640625 0.5765625 0.028125 0.0140625
0 0.69296875 0.575 0.02265625 0.0140625
0 0.72578125 0.54375 0.0234375 0.0125
0 0.81015625 0.525 0.02578125 0.015625
0 0.7546875 0.56015625 0.03515625 0.00859375
0 0.62578125 0.55546875 0.0296875 0.02421875
0 0.59765625 0.5328125 0.03359375 0.02734375
0 0.590625 0.51484375 0.04765625 0.01484375
0 0.49140625 0.52265625 0.0375 0.0171875
0 0.35078125 0.59140625 0.03125 0.01484375
0 0.3265625 0.70703125 0.03359375 0.01640625
0 0.44765625 0.67265625 0.06171875 0.009375
0 0.55234375 0.66640625 0.0359375 0.0296875
0 0.665625 0.66171875 0.05390625 0.0171875
0 0.49140625 0.696875 0.034375 0.01484375
0 0.521875 0.73359375 0.03359375 0.0125
0 0.72265625 0.73828125 0.0234375 0.01015625
0 0.7203125 0.728125 0.02421875 0.01171875
0 0.88046875 0.68984375 0.03125 0.01875
0 0.86953125 0.73828125 0.02109375 0.01484375
0 0.59453125 0.77890625 0.05078125 0.0140625
0 0.7671875 0.80859375 0.03125 0.015625
0 0.828125 0.81796875 0.028125 0.02734375
0 0.83671875 0.78125 0.028125 0.0171875
0 0.88203125 0.8328125 0.021875 0.01875
0 0.90546875 0.83984375 0.03046875 0.01640625
0 0.73046875 0.85 0.0421875 0.02578125
0 0.88515625 0.87890625 0.03125 0.01953125
0 0.73203125 0.90703125 0.03203125 0.01640625
0 0.834375 0.9453125 0.03671875 0.01484375
0 0.84765625 0.984375 0.02109375 0.00859375
0 0.359375 0.86484375 0.0234375 0.00859375
0 0.6109375 0.81328125 0.02109375 0.01875
0 0.3609375 0.91328125 0.034375 0.015625
0 0.434375 0.9796875 0.02421875 0.0140625