0 0.70703125 0.12421875 0.05 0.01640625
0 0.75546875 0.11796875 0.05234375 0.01953125
0 0.678125 0.1828125 0.0265625 0.0203125
0 0.51171875 0.4421875 0.03671875 0.01484375
0 0.3515625 0.459375 0.03125 0.015625
0 0.38984375 0.59765625 0.0609375 0.0140625
0 0.60546875 0.578125 0.0421875 0.0234375
0 0.590625 0.54375 0.0390625 0.0203125
0 0.6921875 0.534375 0.025 0.01875
0 0.75859375 0.49375 0.0296875 0.02265625
0 0.74140625 0.6 0.03984375 0.01796875
0 0.7546875 0.62265625 0.03125 0.0125
0 0.65546875 0.62578125 0.03515625 0.01328125