0 0.5234375 0.1609375 0.01875 0.0140625
0 0.4640625 0.22890625 0.05 0.01484375
0 0.4640625 0.21484375 0.0234375 0.0171875
0 0.79453125 0.24296875 0.025 0.01796875
0 0.46171875 0.321875 0.03046875 0.0234375
0 0.5328125 0.33046875 0.05546875 0.03203125
0 0.465625 0.3921875 0.0375 0.015625
0 0.5484375 0.38125 0.04140625 0.02421875
0 0.64375 0.453125 0.03984375 0.01875
0 0.6796875 0.4734375 0.03046875 0.01953125
0 0.76328125 0.51328125 0.0265625 0.0203125
0 0.79765625 0.53671875 0.02734375 0.015625
0 0.80703125 0.5921875 0.02578125 0.02421875
0 0.7984375 0.64140625 0.02109375 0.01484375
0 0.59375 0.6625 0.02109375 0.009375
0 0.7828125 0.72578125 0.03046875 0.021875
0 0.81171875 0.71328125 0.025 0.02578125
0 0.440625 0.7921875 0.0359375 0.0234375
0 0.79921875 0.78828125 0.046875 0.02734375
0 0.64140625 0.97578125 0.03515625 0.02421875
0 0.25859375 0.9046875 0.05859375 0.021875