0 0.49296875 0.1515625 0.04921875 0.0171875
0 0.50390625 0.12578125 0.03671875 0.01640625
0 0.56171875 0.16796875 0.03515625 0.015625
0 0.60625 0.17578125 0.02421875 0.0171875
0 0.51796875 0.259375 0.03203125 0.02421875
0 0.59609375 0.28046875 0.0390625 0.01796875
0 0.81328125 0.2234375 0.03359375 0.0234375
0 0.725 0.30703125 0.028125 0.025
0 0.76953125 0.29921875 0.03125 0.0234375
0 0.67265625 0.365625 0.03828125 0.01171875
0 0.6578125 0.34921875 0.03203125 0.01484375
0 0.55078125 0.36171875 0.04296875 0.01796875
0 0.503125 0.38671875 0.03515625 0.02265625
0 0.740625 0.43671875 0.02265625 0.01171875
0 0.76015625 0.42578125 0.0328125 0.01484375
0 0.7 0.39609375 0.02265625 0.01015625
0 0.37265625 0.44453125 0.03828125 0.01484375
0 0.4640625 0.49453125 0.02578125 0.015625
0 0.6109375 0.553125 0.03125 0.0125
0 0.73984375 0.52734375 0.04296875 0.0078125
0 0.74921875 0.51875 0.0328125 0.009375
0 0.77578125 0.56640625 0.03125 0.00859375
0 0.9046875 0.38984375 0.01640625 0.0171875
0 0.35546875 0.59140625 0.0453125 0.0171875
0 0.678125 0.57109375 0.028125 0.01796875
0 0.4 0.6390625 0.02890625 0.01796875
0 0.4953125 0.6203125 0.0265625 0.01953125
0 0.76640625 0.64765625 0.0296875 0.01640625
0 0.52578125 0.6765625 0.03984375 0.0171875
0 0.83515625 0.53203125 0.02890625 0.01640625
0 0.55859375 0.73203125 0.05546875 0.025
0 0.51875 0.7734375 0.04765625 0.02265625
0 0.409375 0.78125 0.04140625 0.0203125
0 0.82109375 0.82109375 0.03515625 0.01953125
0 0.83359375 0.77734375 0.03984375 0.01640625
0 0.87578125 0.81953125 0.02421875 0.01640625
0 0.7109375 0.8 0.03515625 0.01640625
0 0.34921875 0.86015625 0.0421875 0.01953125
0 0.725 0.88046875 0.03515625 0.01640625
0 0.7234375 0.8640625 0.05546875 0.0109375
0 0.74140625 0.90546875 0.03515625 0.01484375
0 0.828125 0.8875 0.0375 0.01796875
0 0.61953125 0.975 0.03515625 0.01171875
0 0.27890625 0.91328125 0.0203125 0.01015625
0 0.29140625 0.95390625 0.034375 0.0171875
0 0.77421875 0.89375 0.03046875 0.0234375
0 0.8109375 0.503125 0.02734375 0.0171875
0 0.6203125 0.43359375 0.03984375 0.01796875
0 0.8921875 0.46640625 0.02734375 0.0203125
0 0.84375 0.44609375 0.0359375 0.01953125
0 0.2875 0.71640625 0.03828125 0.02265625
0 0.85703125 0.80078125 0.02578125 0.0140625
0 0.66796875 0.9625 0.02890625 0.01328125