0 0.58046875 0.95703125 0.03046875 0.01484375
0 0.528125 0.88671875 0.0265625 0.01640625
0 0.21171875 0.86953125 0.03203125 0.01328125
0 0.11484375 0.9140625 0.01953125 0.0109375
0 0.16328125 0.9015625 0.02734375 0.01015625
0 0.1703125 0.9421875 0.034375 0.01328125
0 0.2359375 0.93671875 0.03203125 0.01953125
0 0.32578125 0.80625 0.0171875 0.00625
0 0.2921875 0.7625 0.03046875 0.00859375
0 0.11796875 0.75625 0.01328125 0.01875
0 0.16328125 0.71171875 0.0265625 0.01171875
0 0.33046875 0.63125 0.025 0.01015625
0 0.35390625 0.59609375 0.0265625 0.009375
0 0.43203125 0.56875 0.0359375 0.01640625
0 0.16015625 0.56953125 0.02265625 0.0125
0 0.0421875 0.49140625 0.02578125 0.0125
0 0.15234375 0.45546875 0.03125 0.015625
0 0.33828125 0.3703125 0.03984375 0.02109375
0 0.296875 0.253125 0.0359375 0.01953125
0 0.18203125 0.1546875 0.03046875 0.015625
0 0.25546875 0.12109375 0.04140625 0.02109375
0 0.309375 0.10625 0.021875 0.0203125
0 0.5296875 0.17109375 0.03359375 0.0171875
0 0.56953125 0.31484375 0.03203125 0.00859375
0 0.41796875 0.3796875 0.0265625 0.01796875
0 0.43984375 0.3921875 0.0359375 0.0171875
0 0.60390625 0.296875 0.03671875 0.01875
0 0.44609375 0.43203125 0.028125 0.01640625
0 0.48359375 0.40703125 0.0375 0.009375
0 0.625 0.46484375 0.0328125 0.0125
0 0.6828125 0.44765625 0.040625 0.009375
0 0.5171875 0.66484375 0.04921875 0.015625
0 0.53125 0.64765625 0.0453125 0.01484375
0 0.5953125 0.6546875 0.0375 0.01171875
0 0.65703125 0.66484375 0.02421875 0.00703125
0 0.70078125 0.634375 0.025 0.0171875
0 0.71953125 0.6328125 0.0234375 0.01953125
0 0.7390625 0.58515625 0.02734375 0.003125
0 0.734375 0.57734375 0.03046875 0.0171875
0 0.73671875 0.6671875 0.03828125 0.0203125
0 0.7421875 0.63671875 0.03125 0.01171875
0 0.74140625 0.62734375 0.0234375 0.015625
0 0.69921875 0.69375 0.03203125 0.01171875
0 0.52734375 0.70625 0.05078125 0.01484375
0 0.4859375 0.6984375 0.03828125 0.01484375
0 0.6203125 0.7828125 0.034375 0.01328125
0 0.6171875 0.83984375 0.03828125 0.0140625
0 0.61640625 0.8296875 0.0296875 0.0125
0 0.72265625 0.7640625 0.0234375 0.01640625
0 0.76640625 0.79375 0.02734375 0.01640625
0 0.75703125 0.78125 0.02265625 0.01953125
0 0.75390625 0.81171875 0.0234375 0.01484375