0 0.42109375 0.425 0.04296875 0.02890625
0 0.68203125 0.4453125 0.05234375 0.028125
0 0.715625 0.41171875 0.03046875 0.0265625
0 0.73359375 0.478125 0.0421875 0.01796875
0 0.8578125 0.51015625 0.03671875 0.021875
0 0.63125 0.55625 0.065625 0.0109375
0 0.621875 0.52734375 0.0546875 0.0171875
0 0.45 0.67890625 0.05 0.02734375
0 0.55625 0.7265625 0.03359375 0.01796875
0 0.525 0.78125 0.01953125 0.01875
0 0.8609375 0.77890625 0.03125 0.02890625
0 0.9203125 0.81015625 0.04609375 0.0296875
0 0.60625 0.875 0.02421875 0.025
0 0.74921875 0.9828125 0.04375 0.0125
0 0.48515625 0.98515625 0.0453125 0.015625
0 0.61484375 0.15859375 0.04453125 0.02578125