0 0.69140625 0.30390625 0.03984375 0.0296875
0 0.33828125 0.4703125 0.0296875 0.02578125
0 0.44375 0.4375 0.053125 0.02109375
0 0.4296875 0.490625 0.02890625 0.02578125
0 0.6671875 0.48828125 0.04140625 0.0171875
0 0.8078125 0.50703125 0.04140625 0.0171875
0 0.58125 0.62578125 0.028125 0.015625
0 0.659375 0.5859375 0.03828125 0.0125
0 0.73671875 0.578125 0.034375 0.0296875
0 0.43359375 0.6203125 0.03671875 0.02265625
0 0.440625 0.7 0.03515625 0.02265625
0 0.31875 0.7 0.0390625 0.028125
0 0.83125 0.79296875 0.04140625 0.01953125
0 0.89296875 0.83125 0.0515625 0.0296875
0 0.91484375 0.8109375 0.053125 0.01640625
0 0.83359375 0.89140625 0.0421875 0.01640625
0 0.76484375 0.95390625 0.05234375 0.0203125