0 0.47890625 0.625 0.0640625 0.0296875
0 0.6625 0.5859375 0.04609375 0.03203125
0 0.76953125 0.5765625 0.03203125 0.0265625
0 0.7890625 0.58515625 0.015625 0.0265625
0 0.74453125 0.6328125 0.02890625 0.02265625
0 0.596875 0.8546875 0.0390625 0.02265625
0 0.62734375 0.853125 0.046875 0.0171875
0 0.63359375 0.9140625 0.0421875 0.0234375
0 0.41875 0.409375 0.03203125 0.01796875
0 0.42734375 0.3625 0.0640625 0.02734375
0 0.7296875 0.3328125 0.04921875 0.021875
0 0.8171875 0.28125 0.0515625 0.0203125
0 0.828125 0.1796875 0.040625 0.021875