0 0.371875 0.15859375 0.034375 0.0125
0 0.40625 0.1453125 0.028125 0.0109375
0 0.45234375 0.134375 0.0421875 0.01640625
0 0.65234375 0.12578125 0.02734375 0.01328125
0 0.69296875 0.209375 0.0453125 0.0171875
0 0.76875 0.228125 0.02265625 0.0140625
0 0.478125 0.2640625 0.03359375 0.01640625
0 0.78984375 0.25859375 0.025 0.0171875
0 0.60859375 0.3046875 0.05234375 0.01328125
0 0.8421875 0.2828125 0.02265625 0.01171875
0 0.76796875 0.34296875 0.0421875 0.021875
0 0.51171875 0.38125 0.0375 0.0140625
0 0.51171875 0.36328125 0.034375 0.01015625
0 0.55703125 0.36875 0.00859375 0.00625
0 0.3140625 0.3609375 0.0359375 0.0125
0 0.1875 0.36640625 0.0078125 0.00859375
0 0.1671875 0.43671875 0.01796875 0.00703125
0 0.4296875 0.41953125 0.028125 0.0109375
0 0.45390625 0.39921875 0.02421875 0.00859375
0 0.671875 0.384375 0.02578125 0.0140625
0 0.7890625 0.3859375 0.02890625 0.0109375
0 0.67578125 0.409375 0.0109375 0.0125
0 0.43515625 0.43828125 0.0390625 0.00859375
0 0.5125 0.45 0.03359375 0.01171875
0 0.30234375 0.45234375 0.046875 0.00859375
0 0.40703125 0.45390625 0.0375 0.015625
0 0.4203125 0.4828125 0.02734375 0.009375
0 0.6671875 0.50625 0.0265625 0.015625
0 0.8203125 0.5203125 0.0390625 0.01171875
0 0.684375 0.5546875 0.02578125 0.0203125
0 0.81796875 0.54375 0.02890625 0.01171875
0 0.828125 0.57265625 0.02734375 0.01015625
0 0.8265625 0.634375 0.0296875 0.0171875
0 0.765625 0.64296875 0.05859375 0.00703125
0 0.59140625 0.58125 0.02578125 0.01953125
0 0.56328125 0.56953125 0.03203125 0.02109375
0 0.4359375 0.54921875 0.01171875 0.00703125
0 0.47109375 0.54140625 0.0390625 0.015625
0 0.425 0.54140625 0.0203125 0.01015625
0 0.37734375 0.575 0.0203125 0.01171875
0 0.38984375 0.58359375 0.0171875 0.0140625
0 0.3140625 0.57734375 0.03046875 0.00859375
0 0.3078125 0.5515625 0.040625 0.0171875
0 0.28125 0.57734375 0.065625 0.00859375
0 0.2671875 0.5640625 0.06484375 0.01015625
0 0.49921875 0.62265625 0.0265625 0.0140625
0 0.5265625 0.603125 0.0234375 0.01171875
0 0.515625 0.659375 0.02265625 0.015625
0 0.575 0.66640625 0.0109375 0.00546875
0 0.59296875 0.66328125 0.01484375 0.009375
0 0.52890625 0.7203125 0.04140625 0.01328125
0 0.57109375 0.7234375 0.0390625 0.01484375
0 0.5109375 0.74453125 0.03515625 0.01328125
0 0.72890625 0.8015625 0.03046875 0.0125
0 0.76875 0.79765625 0.02578125 0.0125
0 0.79921875 0.79609375 0.02734375 0.01328125
0 0.83359375 0.8125 0.0203125 0.0078125
0 0.78671875 0.84453125 0.021875 0.0109375
0 0.79921875 0.8390625 0.02421875 0.01171875
0 0.79296875 0.82734375 0.0265625 0.01015625