0 0.303125 0.26640625 0.0484375 0.02734375
0 0.56484375 0.38125 0.05234375 0.02265625
0 0.63984375 0.5125 0.0421875 0.02734375
0 0.57890625 0.55703125 0.03046875 0.02578125
0 0.36015625 0.62734375 0.05390625 0.02578125
0 0.2328125 0.61796875 0.0546875 0.0171875
0 0.64921875 0.67734375 0.03515625 0.01953125
0 0.54921875 0.72265625 0.03125 0.01796875
0 0.2640625 0.7 0.0421875 0.01875
0 0.3875 0.8359375 0.05078125 0.02265625
0 0.40703125 0.8765625 0.04140625 0.021875
0 0.41015625 0.85859375 0.0453125 0.01484375
0 0.34921875 0.9015625 0.0296875 0.02421875
0 0.38984375 0.91796875 0.02734375 0.02109375