0 0.21484375 0.10859375 0.0484375 0.03359375
0 0.303125 0.08515625 0.03046875 0.02421875
0 0.353125 0.078125 0.028125 0.02578125
0 0.3453125 0.225 0.04921875 0.02890625
0 0.59453125 0.13984375 0.06640625 0.03125
0 0.61875 0.2828125 0.090625 0.0375
0 0.65078125 0.25 0.06875 0.040625
0 0.39375 0.34296875 0.03828125 0.02265625
0 0.46953125 0.35078125 0.04375 0.02265625
0 0.490625 0.38671875 0.02578125 0.01796875
0 0.53828125 0.39453125 0.034375 0.0265625
0 0.63515625 0.48046875 0.05 0.0234375
0 0.6234375 0.453125 0.03671875 0.0171875
0 0.68515625 0.38515625 0.03359375 0.0234375
0 0.76015625 0.4796875 0.03046875 0.0296875
0 0.5296875 0.53515625 0.03046875 0.02578125
0 0.6015625 0.59375 0.03984375 0.015625
0 0.64765625 0.57421875 0.0359375 0.025
0 0.38515625 0.59140625 0.05859375 0.03125
0 0.40625 0.57421875 0.02421875 0.025
0 0.2 0.43828125 0.0546875 0.025
0 0.196875 0.54609375 0.05234375 0.0375
0 0.08671875 0.47265625 0.03828125 0.0328125
0 0.53125 0.66015625 0.03359375 0.03125
0 0.6 0.67109375 0.05078125 0.03046875
0 0.778125 0.58984375 0.015625 0.01484375
0 0.78359375 0.6046875 0.015625 0.0125
0 0.7609375 0.6046875 0.0234375 0.01015625
0 0.77578125 0.61875 0.0203125 0.0125
0 0.79765625 0.62421875 0.021875 0.015625
0 0.72265625 0.703125 0.0234375 0.01875
0 0.7421875 0.6984375 0.03203125 0.01796875
0 0.7546875 0.74375 0.0359375 0.0265625
0 0.75859375 0.77265625 0.021875 0.02265625
0 0.80234375 0.79453125 0.0359375 0.0171875
0 0.5796875 0.69296875 0.03125 0.0203125
0 0.60625 0.6921875 0.03203125 0.02265625
0 0.665625 0.85078125 0.05390625 0.02734375
0 0.5953125 0.928125 0.03828125 0.01796875
0 0.6171875 0.9171875 0.03046875 0.01875
0 0.37890625 0.78828125 0.034375 0.0234375
0 0.33125 0.74296875 0.0484375 0.0265625
0 0.21171875 0.69296875 0.04453125 0.028125
0 0.1703125 0.73828125 0.040625 0.03046875
0 0.2515625 0.85625 0.0390625 0.02265625
0 0.16875 0.88984375 0.04609375 0.01953125
0 0.2171875 0.92109375 0.0359375 0.02265625
0 0.21953125 0.890625 0.0296875 0.01953125
0 0.28046875 0.93515625 0.03515625 0.0203125
0 0.79296875 0.8671875 0.04453125 0.03046875
0 0.65 0.06171875 0.025 0.02265625