0 0.5453125 0.16015625 0.02890625 0.01953125
0 0.62109375 0.134375 0.034375 0.02109375
0 0.6875 0.14609375 0.01875 0.02265625
0 0.3265625 0.20703125 0.0453125 0.0125
0 0.50390625 0.2453125 0.0359375 0.01640625
0 0.5171875 0.2234375 0.0484375 0.02421875
0 0.55078125 0.259375 0.0265625 0.015625
0 0.59375 0.28359375 0.02265625 0.01484375
0 0.42734375 0.309375 0.03125 0.015625
0 0.40078125 0.35078125 0.02734375 0.01796875
0 0.66796875 0.396875 0.02265625 0.0171875
0 0.71328125 0.41875 0.0265625 0.0171875
0 0.57265625 0.49609375 0.040625 0.0234375
0 0.37734375 0.61796875 0.02890625 0.015625
0 0.60625 0.65625 0.028125 0.01015625
0 0.7125 0.721875 0.02734375 0.0109375
0 0.65859375 0.6375 0.01796875 0.015625
0 0.51484375 0.709375 0.05234375 0.025
0 0.43671875 0.753125 0.04375 0.015625
0 0.70625 0.80390625 0.03125 0.02109375
0 0.62578125 0.8859375 0.02734375 0.01953125