0 0.24375 0.6328125 0.065625 0.02265625
0 0.31015625 0.596875 0.071875 0.02109375
0 0.40703125 0.79453125 0.05859375 0.03046875
0 0.5015625 0.8421875 0.05546875 0.0234375
0 0.83125 0.8625 0.053125 0.01953125
0 0.55703125 0.80546875 0.05703125 0.02421875
0 0.83046875 0.809375 0.04765625 0.02890625
0 0.3890625 0.5140625 0.0640625 0.0265625
0 0.68984375 0.21953125 0.0765625 0.03046875
0 0.359375 0.63046875 0.06875 0.0234375
0 0.2609375 0.36015625 0.05 0.01875
0 0.2859375 0.33515625 0.03671875 0.01953125
0 0.3265625 0.3203125 0.03515625 0.015625
0 0.27421875 0.31953125 0.0421875 0.02734375
0 0.61484375 0.53125 0.06484375 0.025
0 0.31015625 0.36015625 0.03671875 0.01640625