0 0.49921875 0.9015625 0.0265625 0.0203125
0 0.2796875 0.9609375 0.03671875 0.02109375
0 0.49140625 0.7890625 0.03671875 0.01953125
0 0.534375 0.82578125 0.0328125 0.0265625
0 0.55078125 0.81484375 0.04375 0.025
0 0.6625 0.75 0.03203125 0.0234375
0 0.76171875 0.7796875 0.0578125 0.0171875
0 0.71015625 0.65625 0.02421875 0.015625
0 0.54921875 0.6234375 0.05390625 0.01640625
0 0.39453125 0.5390625 0.040625 0.02109375
0 0.39609375 0.3875 0.02890625 0.01796875
0 0.57265625 0.40234375 0.065625 0.0140625
0 0.56171875 0.37421875 0.03125 0.0203125
0 0.42578125 0.32265625 0.02265625 0.01484375
0 0.40859375 0.28984375 0.04375 0.015625
0 0.4421875 0.225 0.01796875 0.02890625
0 0.51953125 0.25390625 0.0328125 0.01875
0 0.465625 0.2171875 0.02734375 0.0234375
0 0.73046875 0.26484375 0.03046875 0.0125
0 0.75 0.30078125 0.028125 0.02109375
0 0.50859375 0.14765625 0.0453125 0.015625
0 0.771875 0.1890625 0.04296875 0.015625