0 0.48671875 0.134375 0.02578125 0.00859375
0 0.54765625 0.1265625 0.0265625 0.01015625
0 0.45390625 0.16484375 0.0203125 0.01171875
0 0.7234375 0.17109375 0.02421875 0.0203125
0 0.5203125 0.2625 0.02421875 0.01640625
0 0.74453125 0.25625 0.0359375 0.0078125
0 0.80625 0.23828125 0.0328125 0.01796875
0 0.91640625 0.22421875 0.0171875 0.015625
0 0.86875 0.259375 0.025 0.0203125
0 0.90703125 0.2921875 0.02265625 0.01953125
0 0.8984375 0.315625 0.02109375 0.0140625
0 0.8390625 0.325 0.0546875 0.01953125
0 0.90625 0.35625 0.034375 0.0171875
0 0.8984375 0.3765625 0.0171875 0.01171875
0 0.91484375 0.36796875 0.01953125 0.01171875
0 0.55 0.37890625 0.04921875 0.01640625
0 0.61640625 0.38828125 0.0296875 0.0203125
0 0.66640625 0.38203125 0.03671875 0.0109375
0 0.7515625 0.39453125 0.046875 0.0125
0 0.71328125 0.41953125 0.0453125 0.02109375
0 0.33046875 0.4609375 0.04140625 0.01953125
0 0.23828125 0.496875 0.02265625 0.009375
0 0.353125 0.571875 0.0453125 0.00859375
0 0.76875 0.4953125 0.03203125 0.015625
0 0.81953125 0.46015625 0.02265625 0.01640625
0 0.9046875 0.4796875 0.01875 0.015625
0 0.871875 0.55859375 0.00859375 0.0171875
0 0.9078125 0.55625 0.040625 0.02734375
0 0.73828125 0.56640625 0.04375 0.0046875
0 0.7484375 0.55546875 0.040625 0.01015625
0 0.67890625 0.5828125 0.04765625 0.01640625
0 0.51171875 0.6046875 0.03984375 0.01640625
0 0.6640625 0.6234375 0.05 0.01484375
0 0.37109375 0.64609375 0.0453125 0.02109375
0 0.546875 0.64765625 0.0796875 0.00859375
0 0.49609375 0.69296875 0.03828125 0.01484375
0 0.346875 0.7171875 0.03984375 0.015625
0 0.45625 0.7328125 0.03671875 0.015625
0 0.53125 0.79609375 0.0390625 0.00859375
0 0.5875 0.7796875 0.03671875 0.02265625
0 0.365625 0.8671875 0.03515625 0.0125
0 0.25625 0.89140625 0.00703125 0.01953125
0 0.27421875 0.89375 0.01640625 0.01328125
0 0.35859375 0.89375 0.03984375 0.0234375
0 0.4390625 0.9625 0.015625 0.01640625
0 0.7328125 0.82734375 0.03515625 0.0171875
0 0.746875 0.9046875 0.03203125 0.01171875
0 0.78359375 0.9609375 0.0390625 0.0125
0 0.846875 0.93046875 0.03515625 0.025
0 0.8703125 0.915625 0.01875 0.01953125
0 0.75625 0.75 0.02734375 0.01015625
0 0.70546875 0.7171875 0.0265625 0.0140625
0 0.74140625 0.7375 0.02578125 0.0078125
0 0.89765625 0.81171875 0.021875 0.0125
0 0.9203125 0.7515625 0.02578125 0.0109375
0 0.87578125 0.70859375 0.0375 0.0171875
0 0.91953125 0.71953125 0.01328125 0.01640625
0 0.69140625 0.65078125 0.034375 0.015625
0 0.81328125 0.659375 0.02265625 0.01328125
0 0.83828125 0.6421875 0.02890625 0.0140625
0 0.92265625 0.66640625 0.02109375 0.0078125
0 0.92578125 0.653125 0.0328125 0.0109375
0 0.92421875 0.49765625 0.0234375 0.0109375
0 0.91875 0.484375 0.02109375 0.01171875