0 0.86796875 0.4671875 0.0421875 0.028125
0 0.6296875 0.6140625 0.0421875 0.0203125
0 0.7234375 0.63046875 0.0296875 0.025
0 0.61875 0.5203125 0.0359375 0.0171875
0 0.67734375 0.51953125 0.0328125 0.015625
0 0.78203125 0.596875 0.0390625 0.03515625
0 0.71875 0.71953125 0.03125 0.0234375
0 0.746875 0.71484375 0.025 0.01953125
0 0.8140625 0.74765625 0.0390625 0.01640625
0 0.34375 0.63984375 0.03984375 0.0234375
0 0.9296875 0.59453125 0.0484375 0.01484375
0 0.82890625 0.91015625 0.05078125 0.0296875
0 0.76328125 0.98984375 0.0328125 0.01953125