0 0.446875 0.496875 0.0515625 0.02578125
0 0.5515625 0.62578125 0.04453125 0.0234375
0 0.43828125 0.70390625 0.04921875 0.034375
0 0.30703125 0.73125 0.06171875 0.02578125
0 0.84375 0.740625 0.05390625 0.02421875
0 0.67265625 0.690625 0.05625 0.028125
0 0.57890625 0.8609375 0.04609375 0.04296875
0 0.47265625 0.87578125 0.07109375 0.028125
0 0.37734375 0.8484375 0.04609375 0.025
0 0.2609375 0.91484375 0.03203125 0.025
0 0.68359375 0.98359375 0.04453125 0.0234375
0 0.74296875 0.95625 0.05390625 0.02265625
0 0.89921875 0.4515625 0.03125 0.0265625