0 0.29296875 0.934375 0.04375 0.01953125
0 0.63046875 0.85859375 0.01875 0.0171875
0 0.77421875 0.83984375 0.03125 0.01875
0 0.56171875 0.8015625 0.04296875 0.02109375
0 0.45390625 0.7765625 0.0421875 0.028125
0 0.62578125 0.70546875 0.015625 0.0203125
0 0.678125 0.70078125 0.02421875 0.02265625
0 0.790625 0.609375 0.0203125 0.0203125
0 0.59375 0.590625 0.040625 0.02109375
0 0.47890625 0.4953125 0.03203125 0.02265625
0 0.5546875 0.40546875 0.03671875 0.0296875
0 0.40625 0.38828125 0.0234375 0.025
0 0.58671875 0.3875 0.01640625 0.01640625
0 0.43203125 0.3265625 0.03359375 0.01640625
0 0.43671875 0.2921875 0.03046875 0.025
0 0.57734375 0.28203125 0.08515625 0.0140625
0 0.453125 0.21796875 0.03125 0.01953125
0 0.4703125 0.2078125 0.028125 0.01484375
0 0.56640625 0.21875 0.05546875 0.0125
0 0.68671875 0.23984375 0.028125 0.02265625
0 0.76796875 0.29765625 0.0296875 0.02734375
0 0.50859375 0.14765625 0.0171875 0.02109375