0 0.6515625 0.7890625 0.04921875 0.01484375
0 0.74140625 0.79140625 0.0546875 0.01328125
0 0.45234375 0.590625 0.0328125 0.0109375
0 0.50546875 0.53359375 0.0296875 0.015625
0 0.48671875 0.4640625 0.04296875 0.01484375
0 0.5453125 0.50859375 0.028125 0.015625
0 0.58125 0.5109375 0.03671875 0.0125
0 0.6578125 0.4671875 0.05234375 0.00625
0 0.69765625 0.403125 0.05546875 0.01328125
0 0.74765625 0.42734375 0.065625 0.0078125
0 0.675 0.45234375 0.0390625 0.0203125
0 0.77734375 0.54609375 0.0296875 0.01796875
0 0.67734375 0.57734375 0.02421875 0.0109375
0 0.61171875 0.34453125 0.053125 0.01875
0 0.60390625 0.159375 0.0296875 0.0171875
0 0.9859375 0.171875 0.028125 0.01953125