0 0.2578125 0.92109375 0.05625 0.01875
0 0.27265625 0.75859375 0.0328125 0.01953125
0 0.290625 0.7375 0.03671875 0.01484375
0 0.44296875 0.7578125 0.075 0.01953125
0 0.43828125 0.825 0.0484375 0.03203125
0 0.4390625 0.8828125 0.034375 0.03828125
0 0.515625 0.94921875 0.0328125 0.03125
0 0.66875 0.940625 0.01796875 0.0125
0 0.72734375 0.99296875 0.02109375 0.01171875
0 0.834375 0.9078125 0.03203125 0.009375
0 0.80390625 0.875 0.03203125 0.01484375
0 0.665625 0.71328125 0.0234375 0.01328125
0 0.746875 0.72265625 0.02734375 0.03359375
0 0.80703125 0.74921875 0.01796875 0.0328125
0 0.4546875 0.6296875 0.02890625 0.02109375
0 0.35703125 0.5390625 0.0328125 0.0203125
0 0.73984375 0.553125 0.0265625 0.01796875