0 0.51640625 0.15703125 0.04140625 0.028125
0 0.4609375 0.22890625 0.028125 0.02109375
0 0.45859375 0.21796875 0.01875 0.0140625
0 0.78671875 0.23828125 0.025 0.021875
0 0.44765625 0.3234375 0.03359375 0.01953125
0 0.53359375 0.3265625 0.01953125 0.02109375
0 0.78828125 0.30234375 0.0171875 0.01640625
0 0.4421875 0.39296875 0.05078125 0.025
0 0.509375 0.39453125 0.0328125 0.015625
0 0.678125 0.43984375 0.046875 0.01953125
0 0.61015625 0.42109375 0.02890625 0.0203125
0 0.7390625 0.5171875 0.03359375 0.015625
0 0.79609375 0.53515625 0.0234375 0.0203125
0 0.784375 0.62578125 0.03125 0.01640625
0 0.58828125 0.67890625 0.04296875 0.02734375
0 0.80546875 0.71875 0.0375 0.02421875
0 0.77578125 0.7515625 0.03671875 0.025
0 0.44765625 0.7921875 0.0234375 0.02109375
0 0.24453125 0.89609375 0.04609375 0.021875
0 0.8109375 0.91015625 0.0234375 0.0171875
0 0.6296875 0.971875 0.02734375 0.02109375