0 0.39375 0.96796875 0.034375 0.01640625
0 0.74296875 0.98515625 0.03046875 0.0171875
0 0.80625 0.95703125 0.02578125 0.02421875
0 0.8375 0.9 0.025 0.02421875
0 0.73984375 0.853125 0.0328125 0.0265625
0 0.83671875 0.8390625 0.01875 0.0296875
0 0.8 0.7296875 0.03671875 0.015625
0 0.8875 0.765625 0.02265625 0.02109375
0 0.91875 0.73125 0.0296875 0.0140625
0 0.60234375 0.559375 0.0390625 0.0234375
0 0.4171875 0.5796875 0.0390625 0.00859375
0 0.31953125 0.48203125 0.040625 0.01875
0 0.3828125 0.42734375 0.0234375 0.01171875
0 0.41640625 0.41640625 0.03125 0.01875
0 0.45390625 0.40625 0.0265625 0.0171875
0 0.50625 0.42734375 0.02734375 0.01171875
0 0.6328125 0.4265625 0.025 0.01796875
0 0.62109375 0.36328125 0.0390625 0.01640625
0 0.6625 0.46171875 0.01640625 0.01875
0 0.603125 0.50859375 0.034375 0.0109375
0 0.64453125 0.525 0.028125 0.01171875
0 0.6046875 0.15 0.04296875 0.0109375