0 0.9125 0.384375 0.07734375 0.02421875
0 0.98671875 0.371875 0.0265625 0.01484375
0 0.709375 0.47578125 0.0421875 0.0171875
0 0.75859375 0.4234375 0.03828125 0.03203125
0 0.46953125 0.48671875 0.040625 0.01796875
0 0.56640625 0.47265625 0.03203125 0.0203125
0 0.5859375 0.6 0.05234375 0.021875
0 0.446875 0.79609375 0.04375 0.02734375
0 0.49765625 0.74765625 0.04453125 0.0296875
0 0.61640625 0.7 0.05078125 0.02421875
0 0.49140625 0.70703125 0.04921875 0.0234375
0 0.7515625 0.83125 0.07421875 0.02265625
0 0.85546875 0.7953125 0.0375 0.03203125
0 0.9140625 0.76015625 0.04453125 0.03046875