0 0.4328125 0.596875 0.04140625 0.021875
0 0.42578125 0.85859375 0.03671875 0.01953125
0 0.7671875 0.9140625 0.0203125 0.01328125
0 0.6015625 0.596875 0.046875 0.01796875
0 0.65390625 0.64609375 0.0375 0.0140625
0 0.88671875 0.67890625 0.02109375 0.0234375
0 0.79140625 0.6609375 0.03671875 0.00625
0 0.7453125 0.62109375 0.0234375 0.0125
0 0.7640625 0.62265625 0.0359375 0.02265625
0 0.71875 0.53046875 0.03984375 0.0109375
0 0.8734375 0.54921875 0.01953125 0.0078125
0 0.95546875 0.48515625 0.0234375 0.01484375