0 0.69140625 0.10390625 0.0359375 0.0109375
0 0.7 0.06015625 0.0453125 0.01484375
0 0.6078125 0.2171875 0.03203125 0.01796875
0 0.65 0.259375 0.02734375 0.01953125
0 0.6921875 0.24140625 0.0203125 0.0140625
0 0.5828125 0.2640625 0.03125 0.01953125
0 0.66328125 0.29921875 0.03828125 0.01640625
0 0.65859375 0.29296875 0.03671875 0.01015625
0 0.6015625 0.31953125 0.0453125 0.01875
0 0.56171875 0.325 0.04296875 0.01953125
0 0.72890625 0.3640625 0.02890625 0.0171875
0 0.78125 0.39765625 0.0375 0.01640625
0 0.696875 0.4296875 0.0328125 0.015625
0 0.53125 0.39765625 0.0375 0.0109375
0 0.565625 0.50703125 0.03515625 0.01640625
0 0.39921875 0.50703125 0.0296875 0.015625
0 0.6 0.62578125 0.034375 0.01484375
0 0.80078125 0.49765625 0.02421875 0.01640625
0 0.71875 0.70390625 0.03125 0.015625
0 0.36015625 0.69375 0.03984375 0.01484375
0 0.74453125 0.821875 0.034375 0.021875
0 0.796875 0.83828125 0.034375 0.01796875
0 0.6671875 0.89296875 0.05 0.0171875