0 0.49453125 0.1109375 0.0328125 0.0125
0 0.53046875 0.11484375 0.034375 0.0109375
0 0.6140625 0.13671875 0.0265625 0.01015625
0 0.6578125 0.1515625 0.01875 0.01171875
0 0.4625 0.1703125 0.0203125 0.01953125
0 0.49453125 0.2578125 0.028125 0.01484375
0 0.71796875 0.26640625 0.02421875 0.01484375
0 0.90390625 0.18515625 0.0375 0.0171875
0 0.90234375 0.2765625 0.0328125 0.0125
0 0.840625 0.29140625 0.04296875 0.01796875
0 0.915625 0.2578125 0.03125 0.015625
0 0.646875 0.3078125 0.02265625 0.015625
0 0.459375 0.340625 0.02890625 0.01796875
0 0.4609375 0.31640625 0.04921875 0.01328125
0 0.57578125 0.36640625 0.06015625 0.01171875
0 0.63359375 0.3640625 0.02734375 0.01875
0 0.725 0.33671875 0.0328125 0.01796875
0 0.79140625 0.3296875 0.03203125 0.01484375
0 0.72265625 0.3734375 0.02421875 0.0234375
0 0.79921875 0.3796875 0.05234375 0.02421875
0 0.61796875 0.39453125 0.03515625 0.01875
0 0.72109375 0.42265625 0.03046875 0.0203125
0 0.865625 0.43359375 0.0328125 0.01484375
0 0.60234375 0.453125 0.03359375 0.01484375
0 0.63515625 0.44453125 0.028125 0.00703125
0 0.63828125 0.5140625 0.05 0.01171875
0 0.66171875 0.48515625 0.04453125 0.01640625
0 0.675 0.47109375 0.03359375 0.0140625
0 0.4671875 0.4578125 0.0296875 0.0140625
0 0.36171875 0.4625 0.03984375 0.01328125
0 0.48203125 0.49140625 0.03203125 0.01953125
0 0.384375 0.509375 0.02421875 0.01015625
0 0.4859375 0.5265625 0.028125 0.01796875
0 0.47734375 0.546875 0.0375 0.0109375
0 0.3328125 0.596875 0.04453125 0.01640625
0 0.359375 0.575 0.034375 0.01171875
0 0.53046875 0.54296875 0.03671875 0.0140625
0 0.58515625 0.55234375 0.01640625 0.01484375
0 0.534375 0.58671875 0.03984375 0.02265625
0 0.78828125 0.57109375 0.02265625 0.01328125
0 0.60859375 0.559375 0.0140625 0.015625
0 0.5890625 0.63515625 0.0390625 0.01328125
0 0.60546875 0.62421875 0.03515625 0.00703125
0 0.61796875 0.60625 0.01796875 0.0125
0 0.475 0.6734375 0.01953125 0.0125
0 0.571875 0.6703125 0.0203125 0.0109375
0 0.2796875 0.65859375 0.034375 0.0046875
0 0.26015625 0.73203125 0.0328125 0.0171875
0 0.5765625 0.71640625 0.01875 0.01953125
0 0.7234375 0.67578125 0.03671875 0.01328125
0 0.90546875 0.6453125 0.05078125 0.0171875
0 0.65234375 0.76796875 0.03359375 0.01484375
0 0.69140625 0.74765625 0.02421875 0.00703125
0 0.25078125 0.8328125 0.0515625 0.0140625
0 0.4515625 0.8390625 0.04296875 0.01796875
0 0.275 0.90234375 0.03828125 0.02421875
0 0.2484375 0.934375 0.01328125 0.01328125
0 0.27734375 0.93515625 0.025 0.009375
0 0.33515625 0.925 0.025 0.0046875
0 0.61796875 0.88046875 0.059375 0.0125
0 0.64765625 0.85 0.03046875 0.01171875
0 0.74140625 0.8171875 0.025 0.01953125
0 0.76171875 0.81875 0.021875 0.0203125
0 0.75625 0.78203125 0.03046875 0.01953125
0 0.82265625 0.86015625 0.03203125 0.01640625
0 0.84296875 0.86796875 0.0234375 0.0171875
0 0.696875 0.8578125 0.028125 0.01171875
0 0.659375 0.93828125 0.02421875 0.01328125
0 0.684375 0.91953125 0.02265625 0.01328125
0 0.69453125 0.96640625 0.0375 0.02109375
0 0.7125 0.95625 0.02890625 0.0171875
0 0.73359375 0.93828125 0.02734375 0.01640625
0 0.7390625 0.91640625 0.025 0.009375
0 0.7625 0.925 0.0265625 0.01953125
0 0.796875 0.9734375 0.05703125 0.02109375
0 0.4453125 0.975 0.0296875 0.02265625
0 0.5890625 0.94765625 0.0390625 0.01640625
0 0.91015625 0.5515625 0.02578125 0.01953125
0 0.925 0.62109375 0.0109375 0.01171875