0 0.596875 0.94765625 0.02421875 0.01484375
0 0.59296875 0.90390625 0.0234375 0.01171875
0 0.6609375 0.85 0.0390625 0.01171875
0 0.67734375 0.828125 0.0375 0.01875
0 0.74453125 0.85 0.0390625 0.01484375
0 0.82109375 0.94296875 0.02578125 0.01484375
0 0.7640625 0.80234375 0.028125 0.0109375
0 0.80078125 0.80703125 0.01875 0.01171875
0 0.76015625 0.75625 0.0296875 0.02109375
0 0.29296875 0.940625 0.02265625 0.0109375
0 0.2171875 0.934375 0.03046875 0.01171875
0 0.1671875 0.909375 0.040625 0.01640625
0 0.215625 0.903125 0.02578125 0.01171875
0 0.24765625 0.8625 0.0203125 0.0109375
0 0.371875 0.7984375 0.02421875 0.01171875
0 0.33046875 0.75078125 0.03203125 0.01171875
0 0.20703125 0.703125 0.03046875 0.0125
0 0.15625 0.7484375 0.0171875 0.015625
0 0.4984375 0.690625 0.028125 0.0125
0 0.52578125 0.66171875 0.03125 0.02109375
0 0.559375 0.7 0.0484375 0.01171875
0 0.5953125 0.69609375 0.04296875 0.0109375
0 0.55859375 0.64296875 0.04296875 0.015625
0 0.6421875 0.6375 0.03671875 0.01484375
0 0.70234375 0.67421875 0.0359375 0.01328125
0 0.73515625 0.71015625 0.0390625 0.0125
0 0.70390625 0.59921875 0.03359375 0.01328125
0 0.7671875 0.62734375 0.01796875 0.0109375
0 0.76875 0.6203125 0.02578125 0.0109375
0 0.77890625 0.6265625 0.02265625 0.01484375
0 0.77890625 0.6015625 0.02890625 0.0109375
0 0.77265625 0.5875 0.01328125 0.0046875
0 0.38984375 0.6015625 0.01796875 0.01015625
0 0.39609375 0.5859375 0.02890625 0.00625
0 0.4953125 0.5484375 0.0375 0.0140625
0 0.19296875 0.5640625 0.028125 0.01484375
0 0.0703125 0.48515625 0.01875 0.009375
0 0.18125 0.4453125 0.034375 0.01640625
0 0.3859375 0.3515625 0.028125 0.0140625
0 0.46171875 0.365625 0.0234375 0.015625
0 0.4828125 0.38359375 0.0328125 0.0109375
0 0.5390625 0.396875 0.08046875 0.01171875
0 0.5640625 0.45859375 0.0421875 0.02265625
0 0.646875 0.46015625 0.05703125 0.01875
0 0.7359375 0.47109375 0.034375 0.025
0 0.59765625 0.29296875 0.04296875 0.0125
0 0.634375 0.2578125 0.03203125 0.015625
0 0.32890625 0.2390625 0.0421875 0.025
0 0.20859375 0.1265625 0.04140625 0.01171875
0 0.290625 0.09609375 0.015625 0.0234375
0 0.3390625 0.0875 0.0265625 0.01015625
0 0.64453125 0.071875 0.0265625 0.01171875
0 0.571875 0.14921875 0.03125 0.0078125