0 0.40546875 0.5171875 0.04375 0.0203125
0 0.2671875 0.625 0.04921875 0.0234375
0 0.32734375 0.6015625 0.046875 0.021875
0 0.4046875 0.62578125 0.05078125 0.02265625
0 0.5109375 0.4671875 0.0375 0.0234375
0 0.465625 0.37890625 0.059375 0.02890625
0 0.55078125 0.3890625 0.04765625 0.02265625
0 0.434375 0.3265625 0.04375 0.028125
0 0.5890625 0.51328125 0.03671875 0.02265625
0 0.4390625 0.29453125 0.06484375 0.021875
0 0.4375 0.7671875 0.08359375 0.0296875
0 0.69140625 0.7546875 0.04609375 0.03359375
0 0.615625 0.82734375 0.08828125 0.02578125
0 0.603125 0.80078125 0.059375 0.01875
0 0.3765625 0.4421875 0.0640625 0.01796875
0 0.50703125 0.34921875 0.059375 0.02890625
0 0.796875 0.859375 0.07890625 0.03828125