0 0.68515625 0.38984375 0.03203125 0.015625
0 0.71484375 0.38359375 0.03359375 0.015625
0 0.6875 0.47265625 0.0578125 0.02265625
0 0.6921875 0.5203125 0.04609375 0.0203125
0 0.659375 0.5578125 0.0328125 0.0171875
0 0.68203125 0.590625 0.03359375 0.0125
0 0.35234375 0.4828125 0.071875 0.01953125
0 0.4625 0.62890625 0.05234375 0.01953125
0 0.725 0.6625 0.046875 0.02578125
0 0.7515625 0.7359375 0.04453125 0.02265625
0 0.68671875 0.740625 0.05 0.02578125
0 0.8578125 0.728125 0.05390625 0.02578125
0 0.7328125 0.83828125 0.04921875 0.02421875
0 0.77265625 0.81953125 0.046875 0.0234375
0 0.7515625 0.8546875 0.040625 0.009375