0 0.3859375 0.1765625 0.04296875 0.021875
0 0.559375 0.17890625 0.03359375 0.0265625
0 0.6 0.13515625 0.040625 0.0234375
0 0.50546875 0.2578125 0.0546875 0.021875
0 0.88125 0.18515625 0.05078125 0.0171875
0 0.67421875 0.14140625 0.0390625 0.015625
0 0.6453125 0.24921875 0.04140625 0.01640625
0 0.70703125 0.22421875 0.03515625 0.0203125
0 0.60703125 0.375 0.071875 0.025
0 0.7015625 0.32109375 0.05234375 0.0203125
0 0.68203125 0.4328125 0.03046875 0.01328125
0 0.6921875 0.4203125 0.03828125 0.01484375
0 0.7640625 0.3890625 0.04375 0.0296875
0 0.74921875 0.178125 0.03125 0.01640625
0 0.41484375 0.44765625 0.02421875 0.0296875
0 0.49453125 0.45859375 0.0375 0.02109375
0 0.584375 0.44140625 0.0546875 0.01796875
0 0.3640625 0.453125 0.053125 0.0265625
0 0.60234375 0.4890625 0.05859375 0.01953125
0 0.74453125 0.5265625 0.06328125 0.021875
0 0.65078125 0.51328125 0.0359375 0.02265625
0 0.76484375 0.4796875 0.05546875 0.02109375
0 0.6546875 0.46953125 0.034375 0.0140625
0 0.56796875 0.56484375 0.0375 0.0140625
0 0.43046875 0.57578125 0.0375 0.01484375
0 0.72734375 0.596875 0.03359375 0.0203125
0 0.85703125 0.596875 0.025 0.01640625
0 0.5796875 0.6453125 0.05 0.01796875
0 0.50703125 0.728125 0.0390625 0.01953125
0 0.3546875 0.70625 0.028125 0.0125
0 0.74921875 0.690625 0.02890625 0.0171875
0 0.46796875 0.7984375 0.04453125 0.01484375
0 0.64375 0.80625 0.0484375 0.0171875
0 0.49609375 0.85546875 0.05 0.01328125
0 0.50234375 0.83203125 0.03828125 0.01015625
0 0.68046875 0.9171875 0.03203125 0.01640625
0 0.76953125 0.91875 0.03828125 0.01015625
0 0.7765625 0.90703125 0.03203125 0.01171875
0 0.84296875 0.91640625 0.03046875 0.01796875
0 0.7640625 0.74765625 0.02421875 0.015625
0 0.79609375 0.97734375 0.04609375 0.02109375
0 0.87109375 0.91953125 0.0203125 0.01328125
0 0.509375 0.9046875 0.05078125 0.01796875
0 0.25 0.834375 0.03125 0.009375
0 0.6890625 0.83359375 0.03828125 0.01640625