0 0.2703125 0.8921875 0.03203125 0.015625
0 0.3453125 0.89375 0.03046875 0.021875
0 0.32890625 0.71328125 0.0328125 0.01640625
0 0.45078125 0.70390625 0.0375 0.01015625
0 0.5296875 0.6875 0.03203125 0.01171875
0 0.58515625 0.69140625 0.0375 0.01640625
0 0.6296875 0.71875 0.02578125 0.0109375
0 0.540625 0.775 0.03046875 0.0203125
0 0.44453125 0.96875 0.021875 0.01953125
0 0.3578125 0.86640625 0.03671875 0.01328125
0 0.84296875 0.95078125 0.0125 0.01796875
0 0.87265625 0.9875 0.03515625 0.00546875
0 0.69453125 0.803125 0.053125 0.0171875
0 0.71484375 0.8125 0.04296875 0.01796875
0 0.74609375 0.815625 0.02265625 0.01796875
0 0.89140625 0.8171875 0.028125 0.021875
0 0.8515625 0.85859375 0.04296875 0.02421875
0 0.8140625 0.78671875 0.02890625 0.025
0 0.7859375 0.696875 0.028125 0.0203125
0 0.8875 0.7296875 0.0375 0.02421875
0 0.77578125 0.6609375 0.0203125 0.0234375
0 0.57109375 0.65390625 0.05 0.025
0 0.29453125 0.6375 0.04765625 0.01484375
0 0.38359375 0.5796875 0.05078125 0.0203125
0 0.6078125 0.60625 0.05625 0.025
0 0.665625 0.575 0.0265625 0.0234375
0 0.65859375 0.5609375 0.02578125 0.0203125
0 0.6828125 0.58125 0.02578125 0.01796875
0 0.89453125 0.61328125 0.0375 0.021875
0 0.92578125 0.66640625 0.028125 0.02109375
0 0.9265625 0.63828125 0.02265625 0.01328125
0 0.60390625 0.51953125 0.02421875 0.02265625
0 0.5671875 0.51171875 0.021875 0.01328125
0 0.3609375 0.43984375 0.04140625 0.0171875
0 0.56640625 0.49609375 0.0296875 0.015625
0 0.540625 0.38125 0.04296875 0.01796875
0 0.59921875 0.39140625 0.0359375 0.015625
0 0.63203125 0.41015625 0.028125 0.0125
0 0.62109375 0.390625 0.02265625 0.02109375
0 0.6828125 0.43046875 0.03515625 0.0140625
0 0.73359375 0.425 0.02265625 0.01484375
0 0.7796875 0.45625 0.03046875 0.0140625
0 0.840625 0.5234375 0.0328125 0.0125
0 0.6765625 0.36171875 0.05859375 0.01328125
0 0.81171875 0.35390625 0.034375 0.0171875
0 0.86640625 0.36484375 0.03984375 0.01015625
0 0.86328125 0.35390625 0.0453125 0.01640625
0 0.91015625 0.33828125 0.0234375 0.0171875
0 0.9015625 0.4984375 0.0296875 0.01953125
0 0.734375 0.99140625 0.04375 0.0171875