0 0.6984375 0.3578125 0.03046875 0.0046875
0 0.7125 0.32890625 0.028125 0.0171875
0 0.76875 0.28203125 0.01875 0.01171875
0 0.54296875 0.3671875 0.03671875 0.01640625
0 0.3953125 0.375 0.0390625 0.009375
0 0.421875 0.32109375 0.0265625 0.01171875
0 0.34140625 0.24609375 0.03984375 0.0109375
0 0.44453125 0.21015625 0.02578125 0.01875
0 0.471875 0.221875 0.03046875 0.0140625
0 0.5296875 0.2453125 0.02109375 0.0140625
0 0.51484375 0.1640625 0.0375 0.0109375
0 0.76875 0.159375 0.02890625 0.0140625
0 0.36015625 0.57890625 0.02734375 0.0203125
0 0.52421875 0.609375 0.04140625 0.01640625
0 0.746875 0.63828125 0.02265625 0.01484375
0 0.65625 0.75234375 0.040625 0.015625
0 0.75546875 0.7328125 0.028125 0.01484375
0 0.60390625 0.8359375 0.03828125 0.01328125
0 0.5890625 0.82421875 0.02578125 0.01484375
0 0.4796875 0.790625 0.03515625 0.01484375
0 0.47890625 0.8984375 0.0390625 0.01328125