0 0.5109375 0.14609375 0.028125 0.0203125
0 0.4515625 0.21640625 0.03125 0.015625
0 0.46484375 0.2046875 0.0265625 0.01953125
0 0.540625 0.22265625 0.0296875 0.0125
0 0.703125 0.2046875 0.0203125 0.01640625
0 0.7796875 0.29609375 0.0171875 0.0171875
0 0.43671875 0.31953125 0.02265625 0.015625
0 0.43828125 0.3015625 0.01796875 0.009375
0 0.5765625 0.3296875 0.02265625 0.01484375
0 0.59453125 0.36640625 0.01796875 0.015625
0 0.5984375 0.38984375 0.015625 0.01015625
0 0.6328125 0.403125 0.01796875 0.0125
0 0.4046875 0.38671875 0.03828125 0.01328125
0 0.734375 0.55234375 0.0125 0.0109375
0 0.778125 0.56796875 0.0234375 0.015625
0 0.8015625 0.61015625 0.03046875 0.0125
0 0.80234375 0.58984375 0.025 0.0125
0 0.8046875 0.56640625 0.0140625 0.0140625
0 0.671875 0.653125 0.0203125 0.0203125
0 0.64375 0.75546875 0.025 0.01328125
0 0.62421875 0.8046875 0.01953125 0.01328125
0 0.45390625 0.81484375 0.046875 0.015625
0 0.2859375 0.93828125 0.0203125 0.01796875
0 0.66328125 0.94296875 0.02890625 0.01328125