0 0.52109375 0.58125 0.02734375 0.0140625
0 0.55859375 0.58125 0.02421875 0.01640625
0 0.57734375 0.47421875 0.02734375 0.01171875
0 0.6203125 0.4359375 0.0234375 0.00859375
0 0.65 0.4703125 0.0421875 0.01015625
0 0.7296875 0.59296875 0.03828125 0.0171875
0 0.76875 0.6515625 0.040625 0.00859375
0 0.7859375 0.66015625 0.03203125 0.00703125
0 0.81796875 0.57734375 0.034375 0.0125
0 0.88125 0.60703125 0.0328125 0.009375
0 0.91953125 0.53828125 0.02734375 0.009375
0 0.89140625 0.3421875 0.0296875 0.01875