0 0.4 0.3265625 0.04140625 0.02265625
0 0.4625 0.353125 0.0484375 0.0203125
0 0.60234375 0.309375 0.0484375 0.01875
0 0.50390625 0.37734375 0.06796875 0.021875
0 0.33359375 0.43046875 0.05234375 0.0171875
0 0.5296875 0.46015625 0.05390625 0.02265625
0 0.753125 0.4203125 0.04921875 0.028125
0 0.4640625 0.6 0.06796875 0.025
0 0.46015625 0.5671875 0.05625 0.0234375
0 0.22890625 0.58671875 0.04296875 0.03125
0 0.5671875 0.6515625 0.028125 0.01953125
0 0.6 0.6140625 0.0375 0.02734375
0 0.6484375 0.60703125 0.0328125 0.01796875
0 0.68359375 0.575 0.05390625 0.0171875
0 0.3 0.665625 0.059375 0.021875
0 0.35703125 0.64609375 0.0484375 0.0203125
0 0.8 0.57421875 0.0328125 0.02421875
0 0.625 0.703125 0.046875 0.02109375
0 0.690625 0.69765625 0.0390625 0.021875
0 0.4140625 0.81328125 0.06640625 0.025
0 0.775 0.765625 0.0265625 0.03125
0 0.8234375 0.790625 0.0421875 0.0171875
0 0.81484375 0.75546875 0.034375 0.021875
0 0.7796875 0.9078125 0.06875 0.02734375
0 0.5859375 0.9625 0.0390625 0.01796875
0 0.646875 0.95 0.04296875 0.0140625
0 0.73984375 0.859375 0.07109375 0.0203125
0 0.8390625 0.86015625 0.021875 0.0234375
0 0.790625 0.6921875 0.04375 0.01640625
0 0.80625 0.8328125 0.04140625 0.01484375