0 0.60625 0.93828125 0.04296875 0.01484375
0 0.8421875 0.89140625 0.03984375 0.01953125
0 0.6140625 0.8796875 0.0328125 0.01796875
0 0.8515625 0.92734375 0.03671875 0.0078125
0 0.40234375 0.83359375 0.04921875 0.0203125
0 0.69296875 0.8125 0.03828125 0.0140625
0 0.66015625 0.771875 0.04765625 0.03125
0 0.6875 0.75859375 0.02265625 0.01875
0 0.7328125 0.76328125 0.04765625 0.021875
0 0.775 0.77734375 0.02265625 0.01796875
0 0.82265625 0.81328125 0.0328125 0.01640625
0 0.790625 0.75625 0.0265625 0.021875
0 0.81328125 0.77265625 0.0265625 0.01796875
0 0.7875 0.73828125 0.0265625 0.00859375
0 0.67109375 0.7015625 0.04765625 0.01875
0 0.6640625 0.67421875 0.0484375 0.01953125
0 0.7765625 0.6953125 0.0359375 0.01953125
0 0.7328125 0.678125 0.0375 0.01875
0 0.740625 0.65859375 0.046875 0.015625
0 0.6875 0.64765625 0.02734375 0.02109375
0 0.7078125 0.64609375 0.02109375 0.0234375
0 0.73515625 0.64140625 0.03828125 0.021875
0 0.2515625 0.68515625 0.02890625 0.015625
0 0.4703125 0.63671875 0.03125 0.0203125
0 0.41015625 0.56171875 0.034375 0.0265625
0 0.5390625 0.6078125 0.02265625 0.0140625
0 0.6015625 0.59375 0.0265625 0.0203125
0 0.62578125 0.5421875 0.0421875 0.025
0 0.69609375 0.575 0.0296875 0.015625
0 0.815625 0.54375 0.02109375 0.01875
0 0.1640625 0.5609375 0.05546875 0.01875
0 0.5328125 0.43203125 0.0328125 0.0125
0 0.76171875 0.3671875 0.0421875 0.01328125
0 0.26328125 0.40625 0.05234375 0.0171875
0 0.390625 0.36875 0.02734375 0.02265625
0 0.31640625 0.30546875 0.04609375 0.025
0 0.41015625 0.31875 0.0546875 0.0171875
0 0.5625 0.3078125 0.0375 0.015625