0 0.37578125 0.1390625 0.0390625 0.0125
0 0.29296875 0.15625 0.02265625 0.0125
0 0.428125 0.12421875 0.0296875 0.01015625
0 0.6171875 0.1203125 0.02421875 0.01015625
0 0.6515625 0.1875 0.025 0.015625
0 0.42890625 0.24609375 0.05 0.02578125
0 0.79609375 0.26953125 0.0171875 0.0125
0 0.575 0.31328125 0.02421875 0.0140625
0 0.72578125 0.3046875 0.025 0.0140625
0 0.77890625 0.33125 0.01953125 0.0125
0 0.45625 0.378125 0.0234375 0.009375
0 0.5859375 0.428125 0.02734375 0.01640625
0 0.6375 0.4203125 0.01796875 0.0109375
0 0.25 0.46328125 0.028125 0.01015625
0 0.69375 0.4796875 0.0171875 0.01484375
0 0.61015625 0.51015625 0.01328125 0.009375
0 0.703125 0.51796875 0.03984375 0.00390625
0 0.7 0.51171875 0.0328125 0.0046875
0 0.78046875 0.51484375 0.01484375 0.009375
0 0.603125 0.55234375 0.05625 0.01875
0 0.56875 0.56953125 0.0421875 0.0171875
0 0.4484375 0.60703125 0.04609375 0.0171875
0 0.26640625 0.58984375 0.03359375 0.02421875
0 0.1375 0.4984375 0.025 0.025
0 0.61953125 0.6171875 0.04296875 0.0171875
0 0.76953125 0.63828125 0.040625 0.01796875
0 0.69453125 0.69296875 0.025 0.00859375
0 0.64453125 0.69609375 0.0296875 0.0125
0 0.5671875 0.71328125 0.03984375 0.01328125
0 0.23671875 0.71328125 0.03046875 0.0078125
0 0.2609375 0.7 0.0203125 0.009375
0 0.7453125 0.74375 0.0328125 0.01015625
0 0.753125 0.7375 0.01640625 0.0171875
0 0.22734375 0.7671875 0.028125 0.00859375
0 0.36953125 0.796875 0.01796875 0.01640625
0 0.42734375 0.80546875 0.01875 0.015625
0 0.2875 0.871875 0.02578125 0.00859375
0 0.19296875 0.9046875 0.0328125 0.01171875
0 0.25 0.90546875 0.0140625 0.0140625
0 0.2421875 0.93671875 0.02421875 0.00859375
0 0.30703125 0.94609375 0.01875 0.009375
0 0.5125 0.9640625 0.02109375 0.01171875
0 0.671875 0.99296875 0.01640625 0.0125
0 0.671875 0.9515625 0.0296875 0.01171875
0 0.665625 0.93203125 0.01484375 0.01171875
0 0.69453125 0.93984375 0.03359375 0.0140625
0 0.746875 0.8984375 0.0390625 0.0078125
0 0.621875 0.86171875 0.01796875 0.0078125
0 0.58046875 0.84140625 0.02421875 0.009375
0 0.6109375 0.8265625 0.01640625 0.01875
0 0.68359375 0.83515625 0.04453125 0.0125
0 0.81640625 0.77265625 0.025 0.00859375
0 0.82734375 0.7484375 0.0125 0.01015625