0 0.63359375 0.85078125 0.02890625 0.0171875
0 0.75234375 0.77109375 0.02421875 0.0140625
0 0.29140625 0.72421875 0.03203125 0.01953125
0 0.3796875 0.7015625 0.0296875 0.01875
0 0.2484375 0.6671875 0.02890625 0.0125
0 0.45078125 0.48515625 0.0421875 0.01484375
0 0.5640625 0.49296875 0.05625 0.0171875
0 0.5296875 0.45625 0.02734375 0.0109375
0 0.7984375 0.540625 0.01953125 0.01640625
0 0.384375 0.3875 0.0359375 0.01875
0 0.56328125 0.321875 0.03125 0.01171875
0 0.5734375 0.3125 0.0375 0.01328125
0 0.603125 0.16796875 0.03125 0.01953125