0 0.54296875 0.05546875 0.02890625 0.01953125
0 0.665625 0.078125 0.02734375 0.01640625
0 0.51796875 0.22265625 0.03515625 0.01640625
0 0.6546875 0.23671875 0.02421875 0.01640625
0 0.53203125 0.25859375 0.03828125 0.0234375
0 0.4828125 0.2546875 0.03671875 0.01640625
0 0.590625 0.28828125 0.0140625 0.01953125
0 0.61171875 0.29296875 0.0265625 0.01875
0 0.46796875 0.3125 0.02265625 0.0171875
0 0.55390625 0.35546875 0.01953125 0.0140625
0 0.69453125 0.4125 0.0234375 0.0203125
0 0.75078125 0.396875 0.03671875 0.01796875
0 0.509375 0.42265625 0.021875 0.015625
0 0.63984375 0.478125 0.0265625 0.01484375
0 0.5 0.525 0.02578125 0.01875
0 0.4734375 0.5578125 0.0328125 0.02265625
0 0.575 0.6015625 0.03828125 0.01875
0 0.65546875 0.70390625 0.040625 0.021875
0 0.4015625 0.71640625 0.0375 0.0171875
0 0.784375 0.8390625 0.0359375 0.01328125
0 0.69453125 0.87734375 0.03203125 0.02109375
0 0.5328125 0.92890625 0.02734375 0.01328125
0 0.52265625 0.96015625 0.03515625 0.02109375