0 0.57734375 0.853125 0.046875 0.0171875
0 0.49296875 0.83984375 0.03984375 0.01484375
0 0.5875 0.93203125 0.0359375 0.01796875
0 0.584375 0.66953125 0.03046875 0.015625
0 0.66015625 0.68203125 0.0359375 0.02109375
0 0.75625 0.68125 0.0140625 0.0203125
0 0.78828125 0.603125 0.025 0.0078125
0 0.809375 0.57109375 0.0265625 0.0125
0 0.453125 0.43125 0.03359375 0.0171875
0 0.38125 0.36875 0.0390625 0.0109375
0 0.5140625 0.30625 0.03125 0.0125
0 0.70546875 0.340625 0.0203125 0.0125
0 0.35078125 0.209375 0.03828125 0.02734375
0 0.571875 0.23515625 0.07265625 0.02265625
0 0.9390625 0.09453125 0.05234375 0.02421875