0 0.47421875 0.89296875 0.0265625 0.01875
0 0.6078125 0.8328125 0.03125 0.0109375
0 0.61484375 0.81953125 0.04296875 0.01328125
0 0.46484375 0.78671875 0.04375 0.01953125
0 0.65390625 0.746875 0.03828125 0.01171875
0 0.778125 0.89765625 0.03046875 0.02109375
0 0.7125 0.68984375 0.03984375 0.0203125
0 0.76875 0.61875 0.046875 0.01796875
0 0.5234375 0.59453125 0.0421875 0.03046875
0 0.35625 0.58203125 0.04921875 0.03125
0 0.38828125 0.37578125 0.05625 0.02890625
0 0.53203125 0.365625 0.034375 0.0171875
0 0.70546875 0.33984375 0.021875 0.0234375
0 0.7328125 0.3578125 0.04765625 0.02265625
0 0.41796875 0.31875 0.0390625 0.021875
0 0.32734375 0.24140625 0.0390625 0.0171875
0 0.4421875 0.21171875 0.0375 0.02421875
0 0.46875 0.22734375 0.04609375 0.01484375
0 0.51796875 0.240625 0.02734375 0.02578125
0 0.509375 0.1578125 0.03203125 0.0109375
0 0.7046875 0.1203125 0.03671875 0.0234375
0 0.77421875 0.2828125 0.03125 0.02109375