0 0.65234375 0.95390625 0.03046875 0.015625
0 0.3234375 0.88125 0.0546875 0.0109375
0 0.503125 0.7859375 0.02578125 0.01875
0 0.8078125 0.82421875 0.02109375 0.0140625
0 0.78828125 0.6578125 0.0109375 0.01171875
0 0.65546875 0.6140625 0.0375 0.0140625
0 0.628125 0.60234375 0.0265625 0.0140625
0 0.61796875 0.4671875 0.03828125 0.0171875
0 0.5421875 0.40078125 0.02734375 0.015625
0 0.53125 0.3453125 0.0375 0.0203125
0 0.56484375 0.33984375 0.0328125 0.0109375
0 0.6421875 0.36484375 0.03671875 0.00859375
0 0.60859375 0.2359375 0.0328125 0.01484375
0 0.69609375 0.2265625 0.02421875 0.0125
0 0.746875 0.2921875 0.02421875 0.01015625
0 0.78515625 0.35 0.0234375 0.01875
0 0.803125 0.48125 0.02109375 0.0140625
0 0.8046875 0.5546875 0.0234375 0.01328125
0 0.8 0.53125 0.02265625 0.009375