0 0.6140625 0.34453125 0.0671875 0.02578125
0 0.446875 0.46640625 0.03515625 0.02734375
0 0.48359375 0.5265625 0.04609375 0.02890625
0 0.55625 0.50078125 0.025 0.021875
0 0.5875 0.50703125 0.0375 0.02578125
0 0.63046875 0.4578125 0.03828125 0.021875
0 0.63671875 0.44140625 0.0578125 0.01328125
0 0.68828125 0.384375 0.05234375 0.01875
0 0.7703125 0.41171875 0.0609375 0.02578125
0 0.7609375 0.53984375 0.0671875 0.0296875
0 0.6734375 0.56875 0.0734375 0.02109375
0 0.4578125 0.5875 0.04453125 0.02109375
0 0.7515625 0.7796875 0.05390625 0.025
0 0.9828125 0.1640625 0.03359375 0.01328125