0 0.45625 0.496875 0.0671875 0.02109375
0 0.5296875 0.41171875 0.04296875 0.02890625
0 0.8921875 0.43515625 0.028125 0.025
0 0.59140625 0.5921875 0.05 0.025
0 0.6640625 0.6 0.04609375 0.02421875
0 0.42890625 0.70078125 0.05703125 0.034375
0 0.31015625 0.73203125 0.06640625 0.02578125
0 0.459375 0.815625 0.06171875 0.021875
0 0.63828125 0.83671875 0.03671875 0.02578125
0 0.57421875 0.915625 0.0640625 0.02890625
0 0.2703125 0.91875 0.078125 0.02578125
0 0.62421875 0.98828125 0.05703125 0.0234375
0 0.7296875 0.95625 0.04453125 0.021875
0 0.90390625 0.9546875 0.05546875 0.0171875
0 0.8984375 0.6421875 0.028125 0.0203125