0 0.52890625 0.41796875 0.0515625 0.03203125
0 0.45390625 0.496875 0.04921875 0.03359375
0 0.58203125 0.5984375 0.05234375 0.02421875
0 0.42890625 0.6984375 0.06328125 0.0265625
0 0.303125 0.734375 0.06953125 0.0359375
0 0.459375 0.81953125 0.04140625 0.02421875
0 0.26640625 0.91640625 0.07890625 0.01484375
0 0.62734375 0.83984375 0.06796875 0.025
0 0.56875 0.91484375 0.07265625 0.03125
0 0.63828125 0.98984375 0.0234375 0.01953125
0 0.896875 0.9546875 0.05234375 0.01640625
0 0.73671875 0.9578125 0.0359375 0.025
0 0.890625 0.64765625 0.0453125 0.03515625
0 0.678125 0.615625 0.05859375 0.02109375
0 0.88671875 0.565625 0.05078125 0.021875
0 0.8796875 0.4390625 0.0421875 0.015625