0 0.33515625 0.11328125 0.02734375 0.00859375
0 0.39140625 0.10078125 0.03125 0.0109375
0 0.26328125 0.1515625 0.025 0.0109375
0 0.58125 0.14765625 0.03125 0.00859375
0 0.3734375 0.246875 0.0359375 0.01875
0 0.4203125 0.36015625 0.0328125 0.0171875
0 0.51171875 0.40859375 0.03671875 0.028125
0 0.503125 0.3859375 0.02734375 0.01171875
0 0.4953125 0.37265625 0.03046875 0.0171875
0 0.55 0.40234375 0.01640625 0.0140625
0 0.5859375 0.3875 0.02734375 0.01875
0 0.6515625 0.3125 0.0359375 0.01015625
0 0.6953125 0.3046875 0.025 0.01640625
0 0.72890625 0.42109375 0.0328125 0.01875
0 0.21484375 0.446875 0.0328125 0.01796875
0 0.09921875 0.47578125 0.02265625 0.02265625
0 0.21328125 0.56171875 0.03828125 0.028125
0 0.4140625 0.58984375 0.0390625 0.0171875
0 0.48046875 0.56875 0.03828125 0.0234375
0 0.7828125 0.38125 0.021875 0.01015625
0 0.765625 0.43125 0.03515625 0.01015625
0 0.56875 0.64609375 0.046875 0.025
0 0.6 0.6703125 0.03515625 0.0203125
0 0.63828125 0.646875 0.025 0.01875
0 0.5859375 0.71640625 0.04375 0.01953125
0 0.584375 0.69609375 0.04140625 0.0125
0 0.3859375 0.62578125 0.034375 0.02109375
0 0.21953125 0.703125 0.03359375 0.0140625
0 0.1703125 0.7484375 0.0265625 0.015625
0 0.12578125 0.73671875 0.0328125 0.02109375
0 0.3484375 0.75078125 0.059375 0.0203125
0 0.3765625 0.8046875 0.04140625 0.01875
0 0.26171875 0.86328125 0.03046875 0.01875
0 0.16875 0.9 0.02421875 0.0125
0 0.21328125 0.89609375 0.01640625 0.0125
0 0.2171875 0.93125 0.02421875 0.0140625
0 0.29140625 0.92421875 0.03046875 0.00859375
0 0.57109375 0.87265625 0.02265625 0.01015625
0 0.63671875 0.934375 0.021875 0.01328125
0 0.6609375 0.83828125 0.02578125 0.009375
0 0.65078125 0.82265625 0.02421875 0.01953125
0 0.78984375 0.83046875 0.02890625 0.01171875
0 0.77421875 0.775 0.02265625 0.01171875
0 0.740625 0.73671875 0.01796875 0.0109375
0 0.6640625 0.7171875 0.01796875 0.0171875
0 0.73203125 0.6359375 0.02265625 0.01015625
0 0.7578125 0.63203125 0.0140625 0.01328125
0 0.78828125 0.628125 0.0125 0.01171875
0 0.803125 0.6328125 0.01796875 0.02265625
0 0.7875 0.6609375 0.02109375 0.00859375
0 0.79296875 0.57265625 0.03046875 0.00859375
0 0.7859375 0.55859375 0.021875 0.0078125