0 0.52265625 0.84296875 0.05625 0.02109375
0 0.61640625 0.8515625 0.0515625 0.0140625
0 0.59765625 0.92578125 0.04765625 0.03203125
0 0.56171875 0.65234375 0.03828125 0.028125
0 0.6421875 0.640625 0.02265625 0.02734375
0 0.778125 0.6 0.03828125 0.02421875
0 0.803125 0.56953125 0.03984375 0.02265625
0 0.74453125 0.6671875 0.0328125 0.0203125
0 0.42890625 0.42734375 0.0453125 0.01484375
0 0.32265625 0.3609375 0.0609375 0.0125
0 0.48671875 0.3265625 0.04140625 0.0203125
0 0.7046875 0.3359375 0.040625 0.01328125
0 0.8875 0.29140625 0.046875 0.0140625
0 0.29296875 0.2609375 0.04609375 0.01484375
0 0.2875 0.24765625 0.0484375 0.01875
0 0.8828125 0.1234375 0.06953125 0.0234375