0 0.296875 0.1703125 0.04296875 0.021875
0 0.4859375 0.2171875 0.05390625 0.02421875
0 0.2796875 0.49453125 0.03359375 0.01640625
0 0.3390625 0.4625 0.03125 0.025
0 0.41953125 0.4328125 0.04921875 0.02265625
0 0.25234375 0.53203125 0.02578125 0.0171875
0 0.46015625 0.5390625 0.0625 0.02109375
0 0.5484375 0.60546875 0.05078125 0.02578125
0 0.3390625 0.66015625 0.0484375 0.01875
0 0.3609375 0.72109375 0.040625 0.02734375
0 0.196875 0.77734375 0.02734375 0.01796875
0 0.24453125 0.775 0.040625 0.0109375
0 0.26953125 0.78828125 0.0359375 0.01015625
0 0.3015625 0.796875 0.02421875 0.01171875
0 0.44765625 0.76875 0.03359375 0.0203125
0 0.3984375 0.81640625 0.02734375 0.01328125
0 0.43671875 0.8296875 0.04453125 0.0078125
0 0.59453125 0.784375 0.03359375 0.01875
0 0.5140625 0.8890625 0.0359375 0.01640625
0 0.60234375 0.90234375 0.03125 0.01328125
0 0.7296875 0.8921875 0.02734375 0.01875
0 0.77578125 0.89765625 0.034375 0.0140625
0 0.78984375 0.71796875 0.02890625 0.0171875
0 0.8109375 0.75546875 0.0359375 0.01875
0 0.83125 0.7453125 0.01953125 0.0140625
0 0.78046875 0.8015625 0.034375 0.01953125
0 0.6984375 0.78125 0.04609375 0.01796875