0 0.78203125 0.91328125 0.03125 0.01015625
0 0.62265625 0.965625 0.04609375 0.0203125
0 0.6109375 0.81953125 0.02890625 0.00703125
0 0.71015625 0.82109375 0.0265625 0.0109375
0 0.63515625 0.72734375 0.028125 0.01015625
0 0.70078125 0.71953125 0.021875 0.01015625
0 0.6515625 0.71875 0.0203125 0.00859375
0 0.6796875 0.74296875 0.0234375 0.01015625
0 0.69609375 0.70859375 0.025 0.00859375
0 0.6046875 0.67578125 0.03671875 0.015625
0 0.2875 0.68046875 0.034375 0.01796875
0 0.6203125 0.5953125 0.0265625 0.0140625
0 0.615625 0.58515625 0.02421875 0.01640625
0 0.68828125 0.615625 0.0296875 0.01875
0 0.69140625 0.59921875 0.02265625 0.01015625
0 0.74609375 0.67734375 0.02578125 0.0125
0 0.74921875 0.578125 0.03984375 0.0140625
0 0.71015625 0.55703125 0.03359375 0.01171875
0 0.6453125 0.53828125 0.025 0.01953125
0 0.5640625 0.5171875 0.02578125 0.01796875
0 0.35859375 0.49375 0.0296875 0.0109375
0 0.47109375 0.4875 0.01484375 0.0125
0 0.434375 0.478125 0.01953125 0.009375
0 0.56171875 0.45234375 0.028125 0.01875
0 0.69296875 0.4703125 0.03046875 0.01796875
0 0.7296875 0.496875 0.0203125 0.0140625
0 0.721875 0.40546875 0.02109375 0.009375
0 0.6828125 0.39609375 0.02421875 0.00703125
0 0.5875 0.39375 0.03359375 0.0140625
0 0.4640625 0.40859375 0.03515625 0.01484375
0 0.45625 0.453125 0.0328125 0.01484375
0 0.234375 0.565625 0.03515625 0.01328125
0 0.7734375 0.3171875 0.04609375 0.01328125
0 0.80078125 0.296875 0.03046875 0.0140625