0 0.4828125 0.78984375 0.0390625 0.01484375
0 0.578125 0.83046875 0.0296875 0.009375
0 0.57109375 0.82421875 0.03515625 0.009375
0 0.4796875 0.89765625 0.0328125 0.0140625
0 0.284375 0.96328125 0.02265625 0.0109375
0 0.6640625 0.7578125 0.04921875 0.02578125
0 0.77578125 0.7625 0.03359375 0.01015625
0 0.72265625 0.64765625 0.03046875 0.02734375
0 0.53984375 0.6140625 0.0484375 0.02734375
0 0.3671875 0.5671875 0.0359375 0.01484375
0 0.3859375 0.37890625 0.025 0.0078125
0 0.5390625 0.375 0.03359375 0.02265625
0 0.6453125 0.38046875 0.040625 0.01796875
0 0.41796875 0.3203125 0.028125 0.01171875
0 0.378125 0.26875 0.0296875 0.01640625
0 0.53203125 0.2484375 0.05234375 0.01875
0 0.44609375 0.21484375 0.0140625 0.028125
0 0.471875 0.221875 0.0359375 0.01484375
0 0.72578125 0.31484375 0.04375 0.02265625
0 0.75625 0.278125 0.02734375 0.0171875
0 0.5140625 0.15546875 0.03046875 0.0140625
0 0.7828125 0.1828125 0.021875 0.01015625