0 0.52734375 0.46875 0.03125 0.02421875
0 0.784375 0.50859375 0.03359375 0.02578125
0 0.87265625 0.51015625 0.03359375 0.01640625
0 0.3421875 0.5078125 0.0375 0.0171875
0 0.59296875 0.6046875 0.04453125 0.02421875
0 0.56015625 0.74453125 0.04453125 0.01640625
0 0.54296875 0.728125 0.0359375 0.0234375
0 0.55859375 0.6875 0.0328125 0.0203125
0 0.67265625 0.72578125 0.03984375 0.0140625
0 0.928125 0.75390625 0.0546875 0.02734375
0 0.89375 0.8265625 0.0484375 0.025
0 0.87578125 0.88828125 0.03828125 0.01796875