0 0.5890625 0.9453125 0.0546875 0.0109375
0 0.37265625 0.88828125 0.03515625 0.00859375
0 0.6640625 0.809375 0.03203125 0.01171875
0 0.465625 0.70859375 0.03203125 0.01171875
0 0.54375 0.63046875 0.03359375 0.0234375
0 0.7328125 0.64140625 0.05234375 0.021875
0 0.4953125 0.58125 0.03046875 0.015625
0 0.4921875 0.51953125 0.03125 0.0203125
0 0.6203125 0.5 0.05546875 0.01328125
0 0.6359375 0.51171875 0.04765625 0.01484375
0 0.7484375 0.55390625 0.04765625 0.02109375
0 0.90390625 0.50703125 0.025 0.025
0 0.9125 0.3734375 0.0125 0.02734375
0 0.890625 0.28125 0.03671875 0.025
0 0.61484375 0.1875 0.0859375 0.02421875
0 0.92421875 0.14921875 0.0296875 0.025