0 0.31328125 0.271875 0.06640625 0.02890625
0 0.559375 0.37578125 0.08046875 0.034375
0 0.665625 0.49765625 0.06796875 0.04140625
0 0.5578125 0.54453125 0.08125 0.04296875
0 0.1828125 0.70703125 0.028125 0.02421875
0 0.27265625 0.68671875 0.0734375 0.03671875
0 0.2625 0.6375 0.06484375 0.0234375
0 0.253125 0.59765625 0.06171875 0.03046875
0 0.6734375 0.64765625 0.06640625 0.02890625
0 0.34765625 0.625 0.0421875 0.02734375
0 0.55546875 0.72109375 0.06328125 0.0328125
0 0.41796875 0.875 0.04140625 0.021875
0 0.42109375 0.85546875 0.05078125 0.01875
0 0.44765625 0.83515625 0.04765625 0.01953125
0 0.3453125 0.88984375 0.05703125 0.02734375
0 0.3875 0.91640625 0.034375 0.025