0 0.5609375 0.946875 0.03671875 0.01171875
0 0.74296875 0.9375 0.0359375 0.0109375
0 0.41640625 0.86953125 0.03203125 0.0125
0 0.428125 0.753125 0.03515625 0.01484375
0 0.59375 0.68671875 0.0296875 0.01171875
0 0.52421875 0.64140625 0.01796875 0.02265625
0 0.50703125 0.59296875 0.05078125 0.01640625
0 0.69765625 0.56640625 0.025 0.01171875
0 0.6875 0.5125 0.0296875 0.01875
0 0.4953125 0.51328125 0.04609375 0.02421875
0 0.58671875 0.4546875 0.0328125 0.0140625
0 0.5734375 0.41328125 0.0484375 0.01640625
0 0.79609375 0.3859375 0.034375 0.01171875
0 0.8171875 0.3296875 0.0203125 0.0140625
0 0.9109375 0.35625 0.025 0.01484375
0 0.70546875 0.1046875 0.025 0.01640625
0 0.6859375 0.05625 0.0265625 0.0125