0 0.640625 0.125 0.03125 0.01171875
0 0.4578125 0.1375 0.03515625 0.00859375
0 0.3484375 0.15859375 0.015625 0.01171875
0 0.39296875 0.15 0.0515625 0.01484375
0 0.690625 0.2109375 0.0296875 0.0171875
0 0.46875 0.26875 0.03046875 0.01171875
0 0.5671875 0.34140625 0.0171875 0.0171875
0 0.76640625 0.27578125 0.0171875 0.01796875
0 0.746875 0.315625 0.025 0.01640625
0 0.76171875 0.36875 0.028125 0.00703125
0 0.7640625 0.43671875 0.0140625 0.0125
0 0.60859375 0.43984375 0.03359375 0.009375
0 0.63359375 0.4203125 0.02890625 0.0125
0 0.4796875 0.39140625 0.02265625 0.01015625
0 0.2625 0.4796875 0.03515625 0.0171875
0 0.1625 0.50625 0.0203125 0.01015625
0 0.28125 0.596875 0.0296875 0.01796875
0 0.409375 0.5796875 0.0234375 0.01640625
0 0.47421875 0.5875 0.02890625 0.0125
0 0.71171875 0.56171875 0.015625 0.015625
0 0.64921875 0.63359375 0.03671875 0.01484375
0 0.25 0.72578125 0.02734375 0.00859375
0 0.275 0.70703125 0.028125 0.01484375
0 0.20625 0.80703125 0.03359375 0.0125
0 0.384375 0.809375 0.03671875 0.0125
0 0.440625 0.82109375 0.0265625 0.0203125
0 0.19765625 0.91171875 0.021875 0.00859375
0 0.24140625 0.8859375 0.021875 0.0078125
0 0.3015625 0.88203125 0.02109375 0.01328125
0 0.2578125 0.94765625 0.02578125 0.009375
0 0.3296875 0.946875 0.028125 0.009375
0 0.5421875 0.97109375 0.021875 0.00859375
0 0.690625 0.984375 0.02109375 0.00859375
0 0.80078125 0.97265625 0.02578125 0.01015625
0 0.8421875 0.9890625 0.0265625 0.0078125
0 0.68125 0.865625 0.02578125 0.0140625
0 0.8125 0.8828125 0.021875 0.009375
0 0.81484375 0.80703125 0.021875 0.01484375
0 0.80703125 0.846875 0.01640625 0.01328125
0 0.67734375 0.78046875 0.03203125 0.01171875
0 0.7 0.77890625 0.025 0.0109375
0 0.85078125 0.759375 0.01796875 0.0046875
0 0.84296875 0.74453125 0.02265625 0.0109375
0 0.6765625 0.7234375 0.02421875 0.0109375
0 0.54921875 0.7375 0.05546875 0.01875
0 0.8375 0.6375 0.01640625 0.00546875
0 0.84609375 0.61640625 0.0203125 0.009375
0 0.809375 0.46640625 0.02265625 0.0125
0 0.82265625 0.4546875 0.02265625 0.0109375
0 0.8421875 0.54140625 0.0203125 0.0125