0 0.6390625 0.834375 0.0578125 0.01328125
0 0.67265625 0.85078125 0.0390625 0.01328125
0 0.534375 0.93828125 0.028125 0.01953125
0 0.7625 0.640625 0.03828125 0.0203125
0 0.76484375 0.60703125 0.03984375 0.01640625
0 0.7953125 0.59375 0.04375 0.02109375
0 0.68359375 0.5078125 0.065625 0.01953125
0 0.36015625 0.41484375 0.0625 0.0140625
0 0.34375 0.409375 0.0484375 0.009375
0 0.75703125 0.33359375 0.04375 0.02421875
0 0.77265625 0.309375 0.04375 0.01796875
0 0.86796875 0.26015625 0.03828125 0.01328125