0 0.6875 0.853125 0.05546875 0.01171875
0 0.53046875 0.78984375 0.053125 0.01171875
0 0.7484375 0.76796875 0.034375 0.0140625
0 0.75390625 0.74921875 0.034375 0.01171875
0 0.796875 0.72578125 0.028125 0.01015625
0 0.48046875 0.68046875 0.03828125 0.01484375
0 0.81640625 0.5984375 0.0296875 0.01640625
0 0.4609375 0.53046875 0.03828125 0.0140625
0 0.42578125 0.46328125 0.046875 0.01328125
0 0.83046875 0.42578125 0.03046875 0.021875
0 0.484375 0.34453125 0.05390625 0.01640625
0 0.5640625 0.35 0.0421875 0.0203125
0 0.46484375 0.22109375 0.02890625 0.01484375
0 0.59140625 0.08203125 0.03828125 0.01953125