0 0.50234375 0.8609375 0.05703125 0.015625
0 0.65703125 0.88515625 0.040625 0.01328125
0 0.771875 0.915625 0.0359375 0.01328125
0 0.4609375 0.8109375 0.03984375 0.0078125
0 0.74140625 0.61953125 0.025 0.01953125
0 0.83671875 0.521875 0.01796875 0.02421875
0 0.86171875 0.5234375 0.03515625 0.01484375
0 0.628125 0.4953125 0.0359375 0.01796875
0 0.3140625 0.5578125 0.03828125 0.0328125
0 0.2640625 0.4375 0.05 0.0203125
0 0.46015625 0.4265625 0.0390625 0.01640625
0 0.59609375 0.43671875 0.0296875 0.01171875
0 0.4984375 0.37421875 0.06640625 0.01796875
0 0.64609375 0.35234375 0.05 0.015625
0 0.56171875 0.20234375 0.0203125 0.0203125
0 0.58984375 0.18046875 0.02734375 0.02109375
0 0.759375 0.05390625 0.04140625 0.0203125