0 0.60078125 0.2515625 0.02734375 0.0140625
0 0.5203125 0.29609375 0.02890625 0.009375
0 0.66875 0.46875 0.0328125 0.0140625
0 0.565625 0.53984375 0.05390625 0.0125
0 0.31953125 0.5140625 0.07265625 0.0125
0 0.65625 0.56328125 0.0359375 0.015625
0 0.69140625 0.59765625 0.03359375 0.015625
0 0.684375 0.68359375 0.0484375 0.02265625
0 0.55625 0.70859375 0.0390625 0.03046875
0 0.79921875 0.76796875 0.040625 0.02109375
0 0.84375 0.746875 0.03828125 0.02734375
0 0.6390625 0.9015625 0.05234375 0.01640625