0 0.48203125 0.89140625 0.0296875 0.015625
0 0.2765625 0.96328125 0.0453125 0.01171875
0 0.46171875 0.78046875 0.03359375 0.0171875
0 0.56484375 0.83359375 0.028125 0.01953125
0 0.62578125 0.81328125 0.03671875 0.015625
0 0.65625 0.74140625 0.03984375 0.01796875
0 0.684375 0.653125 0.03203125 0.01484375
0 0.7765625 0.61171875 0.03515625 0.015625
0 0.525 0.5671875 0.02421875 0.03671875
0 0.35703125 0.58203125 0.03046875 0.01953125
0 0.38359375 0.37265625 0.0421875 0.01875
0 0.41953125 0.3140625 0.05078125 0.01796875
0 0.53203125 0.36015625 0.034375 0.0296875
0 0.70234375 0.35234375 0.0390625 0.0171875
0 0.7640625 0.35234375 0.03671875 0.02109375
0 0.7765625 0.28046875 0.0390625 0.01796875
0 0.315625 0.22578125 0.021875 0.034375
0 0.44609375 0.20703125 0.0265625 0.0171875
0 0.47890625 0.228125 0.0421875 0.0140625
0 0.503125 0.21484375 0.04609375 0.01484375
0 0.5140625 0.1609375 0.0328125 0.01171875
0 0.65 0.1109375 0.046875 0.01328125