0 0.503125 0.1515625 0.01875 0.01875
0 0.44296875 0.215625 0.021875 0.01796875
0 0.459375 0.215625 0.02265625 0.01875
0 0.528125 0.25078125 0.02109375 0.01640625
0 0.778125 0.18203125 0.028125 0.01796875
0 0.7453125 0.26796875 0.0234375 0.01875
0 0.746875 0.296875 0.0203125 0.01953125
0 0.55546875 0.37421875 0.0234375 0.0203125
0 0.60546875 0.4 0.02890625 0.01640625
0 0.39765625 0.290625 0.0265625 0.01875
0 0.41953125 0.31953125 0.02734375 0.021875
0 0.3921875 0.38046875 0.03125 0.021875
0 0.3765625 0.54375 0.01875 0.01328125
0 0.5421875 0.6203125 0.034375 0.028125
0 0.71015625 0.65390625 0.03515625 0.021875
0 0.65703125 0.753125 0.03359375 0.021875
0 0.48125 0.79453125 0.03125 0.02109375
0 0.55078125 0.82890625 0.0265625 0.02578125
0 0.5484375 0.82265625 0.0328125 0.0203125
0 0.4921875 0.9 0.0234375 0.02109375
0 0.2796875 0.965625 0.0359375 0.02734375