0 0.73203125 0.20703125 0.03984375 0.0203125
0 0.56796875 0.37734375 0.0484375 0.01875
0 0.56171875 0.35625 0.04765625 0.0171875
0 0.17109375 0.2796875 0.04140625 0.01640625
0 0.72578125 0.390625 0.05625 0.0203125
0 0.71328125 0.6375 0.0625 0.03203125
0 0.8015625 0.61171875 0.05078125 0.01875
0 0.63125 0.74453125 0.04921875 0.03046875
0 0.61953125 0.7 0.06875 0.02265625
0 0.81015625 0.590625 0.03125 0.0125
0 0.46171875 0.559375 0.05859375 0.02421875
0 0.3765625 0.50078125 0.05390625 0.01796875
0 0.3578125 0.3984375 0.0578125 0.01640625
0 0.35 0.36796875 0.06796875 0.03125
0 0.5546875 0.8234375 0.0671875 0.0234375
0 0.6546875 0.828125 0.04296875 0.02890625
0 0.59765625 0.95625 0.05625 0.02265625
0 0.5921875 0.515625 0.05546875 0.02421875
0 0.24140625 0.3828125 0.06953125 0.01875
0 0.13984375 0.33671875 0.04140625 0.02890625
0 0.42421875 0.42890625 0.05859375 0.01875
0 0.50234375 0.48046875 0.040625 0.01328125
0 0.21171875 0.35078125 0.06171875 0.0234375
0 0.7609375 0.18046875 0.05234375 0.0203125