0 0.23671875 0.2578125 0.05078125 0.0171875
0 0.35703125 0.30078125 0.028125 0.01640625
0 0.4984375 0.28828125 0.03828125 0.025
0 0.2859375 0.36796875 0.03828125 0.01953125
0 0.23046875 0.41328125 0.04765625 0.01875
0 0.48671875 0.36796875 0.03359375 0.0125
0 0.53046875 0.41328125 0.04140625 0.02421875
0 0.66875 0.45234375 0.02734375 0.01875
0 0.4453125 0.56640625 0.04765625 0.0203125
0 0.59609375 0.6078125 0.034375 0.015625
0 0.5140625 0.603125 0.046875 0.02265625
0 0.65234375 0.61015625 0.028125 0.0171875
0 0.69453125 0.59765625 0.02890625 0.015625
0 0.6765625 0.6328125 0.02265625 0.015625
0 0.71171875 0.57890625 0.034375 0.0125
0 0.60234375 0.6515625 0.0359375 0.0109375
0 0.2390625 0.6953125 0.02734375 0.01328125
0 0.50625 0.696875 0.028125 0.01953125
0 0.5890625 0.696875 0.0375 0.0140625
0 0.62265625 0.7234375 0.025 0.0171875
0 0.79375 0.66328125 0.0359375 0.01875
0 0.79296875 0.696875 0.028125 0.0125
0 0.721875 0.77578125 0.03203125 0.01953125
0 0.76640625 0.753125 0.0328125 0.0125
0 0.7578125 0.73515625 0.0328125 0.0140625
0 0.65625 0.76015625 0.040625 0.00859375
0 0.5140625 0.8 0.0421875 0.02109375
0 0.71328125 0.8296875 0.04140625 0.01953125
0 0.6765625 0.86875 0.0453125 0.0125
0 0.78828125 0.7640625 0.028125 0.0109375
0 0.7984375 0.89375 0.02890625 0.0140625
0 0.34609375 0.87578125 0.0453125 0.01171875
0 0.50625 0.91796875 0.04609375 0.01484375
0 0.7390625 0.48046875 0.0515625 0.021875