0 0.30625 0.36328125 0.0484375 0.0171875
0 0.46328125 0.48125 0.05234375 0.009375
0 0.6734375 0.56796875 0.03359375 0.015625
0 0.77109375 0.628125 0.02734375 0.015625
0 0.4296875 0.60078125 0.03515625 0.01875
0 0.540625 0.61640625 0.04921875 0.0140625
0 0.64375 0.79296875 0.03984375 0.025
0 0.72578125 0.81875 0.04140625 0.0171875
0 0.5375 0.84921875 0.02734375 0.0109375
0 0.3859375 0.809375 0.03046875 0.0140625
0 0.33125 0.8453125 0.01875 0.01484375
0 0.79921875 0.8875 0.03359375 0.021875
0 0.75546875 0.93359375 0.0265625 0.01953125