0 0.64375 0.21484375 0.04921875 0.0265625
0 0.5125 0.35 0.0484375 0.02734375
0 0.48671875 0.42734375 0.04140625 0.02421875
0 0.25546875 0.446875 0.04140625 0.01875
0 0.75859375 0.44765625 0.0375 0.02578125
0 0.4390625 0.528125 0.06875 0.015625
0 0.52578125 0.5265625 0.04375 0.01484375
0 0.54296875 0.51328125 0.0265625 0.0140625
0 0.52890625 0.79453125 0.04921875 0.02734375
0 0.76640625 0.753125 0.05703125 0.01328125
0 0.8390625 0.81015625 0.0390625 0.01796875
0 0.8421875 0.87578125 0.05859375 0.02421875