0 0.6046875 0.23046875 0.0296875 0.0140625
0 0.51875 0.30078125 0.03203125 0.01484375
0 0.6859375 0.45390625 0.034375 0.02265625
0 0.359375 0.49453125 0.0421875 0.01875
0 0.559375 0.54453125 0.05234375 0.01484375
0 0.64765625 0.5578125 0.046875 0.015625
0 0.81640625 0.57890625 0.06015625 0.0265625
0 0.69140625 0.6 0.0171875 0.021875
0 0.68359375 0.68125 0.05625 0.02578125
0 0.58125 0.69375 0.04453125 0.02890625
0 0.840625 0.7390625 0.04453125 0.01875
0 0.821875 0.77578125 0.0390625 0.02265625
0 0.60703125 0.91484375 0.0671875 0.025