0 0.75625 0.70625 0.02421875 0.01953125
0 0.8546875 0.62421875 0.01796875 0.0140625
0 0.42421875 0.1796875 0.03828125 0.025
0 0.5421875 0.17734375 0.0328125 0.0125
0 0.84765625 0.14453125 0.05234375 0.0125
0 0.63125 0.16796875 0.02421875 0.01953125
0 0.66328125 0.16328125 0.04296875 0.0171875
0 0.6 0.22109375 0.02578125 0.01171875
0 0.6015625 0.20078125 0.0375 0.01484375
0 0.68515625 0.22734375 0.025 0.01328125
0 0.70703125 0.20625 0.0484375 0.015625
0 0.5265625 0.23125 0.03671875 0.01796875
0 0.55625 0.253125 0.05390625 0.0140625
0 0.70703125 0.290625 0.0296875 0.0125
0 0.8953125 0.19296875 0.025 0.0203125
0 0.75390625 0.33359375 0.04375 0.01171875
0 0.684375 0.36796875 0.0484375 0.025
0 0.6 0.3765625 0.03046875 0.0125
0 0.775 0.3921875 0.0421875 0.0109375
0 0.71015625 0.4484375 0.03125 0.01484375
0 0.71875 0.4265625 0.01796875 0.015625
0 0.7296875 0.46875 0.03125 0.0171875
0 0.52734375 0.428125 0.02890625 0.02734375
0 0.3828125 0.4484375 0.02109375 0.0265625
0 0.4234375 0.4484375 0.0296875 0.02421875
0 0.23125 0.42265625 0.03359375 0.01171875
0 0.57890625 0.47578125 0.01640625 0.02109375
0 0.553125 0.50078125 0.04140625 0.01171875
0 0.6234375 0.53984375 0.01328125 0.02109375
0 0.66015625 0.52734375 0.02890625 0.01171875
0 0.6734375 0.51796875 0.01015625 0.01640625
0 0.41875 0.5796875 0.03671875 0.0125
0 0.58515625 0.609375 0.02734375 0.0078125
0 0.7765625 0.5734375 0.02734375 0.01015625
0 0.77578125 0.5296875 0.02421875 0.01015625
0 0.48984375 0.69375 0.025 0.015625
0 0.36171875 0.7109375 0.04140625 0.015625
0 0.53359375 0.80390625 0.03046875 0.01484375
0 0.6 0.82734375 0.053125 0.0171875
0 0.678125 0.81640625 0.04453125 0.01953125
0 0.69296875 0.784375 0.0296875 0.0140625
0 0.75078125 0.75 0.0265625 0.015625
0 0.8484375 0.77890625 0.02734375 0.02109375
0 0.746875 0.8265625 0.0296875 0.01640625
0 0.8 0.871875 0.03671875 0.025
0 0.80078125 0.90390625 0.01796875 0.01640625
0 0.8453125 0.90546875 0.03671875 0.01328125
0 0.878125 0.9171875 0.03203125 0.0140625
0 0.771875 0.90703125 0.03046875 0.0125
0 0.7921875 0.9203125 0.03515625 0.01484375
0 0.821875 0.946875 0.04296875 0.01796875
0 0.83515625 0.975 0.0359375 0.025
0 0.61015625 0.9828125 0.0328125 0.01796875
0 0.62734375 0.909375 0.03984375 0.01171875
0 0.62109375 0.8984375 0.0203125 0.01796875
0 0.6546875 0.896875 0.0375 0.01796875
0 0.67109375 0.88828125 0.04296875 0.01796875
0 0.665625 0.878125 0.046875 0.0171875
0 0.6453125 0.84921875 0.03125 0.0125
0 0.46484375 0.8828125 0.040625 0.0109375
0 0.453125 0.87421875 0.03046875 0.01171875
0 0.50390625 0.83359375 0.0359375 0.0171875
0 0.27734375 0.82734375 0.0109375 0.01015625
0 0.54453125 0.965625 0.04921875 0.015625