0 0.74140625 0.759375 0.0296875 0.01875
0 0.9234375 0.9265625 0.0296875 0.0140625
0 0.559375 0.74453125 0.028125 0.0140625
0 0.59609375 0.7375 0.03046875 0.0109375
0 0.80859375 0.72265625 0.0265625 0.01796875
0 0.7921875 0.58359375 0.03046875 0.01484375
0 0.765625 0.5390625 0.03828125 0.02421875
0 0.80546875 0.51015625 0.04375 0.01484375
0 0.8328125 0.48125 0.040625 0.02265625
0 0.8734375 0.46875 0.01953125 0.0203125
0 0.89453125 0.46171875 0.0328125 0.0171875
0 0.90625 0.55703125 0.03125 0.01875
0 0.7328125 0.51953125 0.0421875 0.0140625
0 0.57109375 0.575 0.04453125 0.02109375
0 0.615625 0.60859375 0.03359375 0.01796875
0 0.62890625 0.63203125 0.04453125 0.0171875