0 0.6109375 0.1171875 0.07578125 0.034375
0 0.634375 0.184375 0.07578125 0.02578125
0 0.83046875 0.16171875 0.06484375 0.025
0 0.7140625 0.12734375 0.0484375 0.0265625
0 0.70078125 0.23046875 0.05703125 0.021875
0 0.621875 0.24140625 0.0296875 0.01015625
0 0.61796875 0.23046875 0.03984375 0.01484375
0 0.5625 0.24140625 0.03046875 0.01171875
0 0.5859375 0.23515625 0.0265625 0.01328125
0 0.59140625 0.428125 0.05078125 0.0203125
0 0.57265625 0.38671875 0.0359375 0.0203125
0 0.62421875 0.36328125 0.04921875 0.0171875
0 0.709375 0.39609375 0.03359375 0.01640625
0 0.75078125 0.37890625 0.04453125 0.01953125
0 0.75625 0.3578125 0.0296875 0.01875
0 0.4484375 0.3765625 0.046875 0.0125
0 0.25078125 0.4484375 0.0546875 0.01875
0 0.4296875 0.50234375 0.0390625 0.0359375
0 0.34765625 0.57734375 0.03828125 0.01171875
0 0.4625 0.559375 0.0421875 0.03046875
0 0.63671875 0.50234375 0.0515625 0.02578125
0 0.69140625 0.46953125 0.0625 0.02265625
0 0.52578125 0.64453125 0.0328125 0.021875
0 0.62109375 0.61484375 0.0484375 0.02109375
0 0.8546875 0.5265625 0.040625 0.021875
0 0.74921875 0.51328125 0.07421875 0.02109375
0 0.578125 0.79140625 0.0859375 0.0234375
0 0.34921875 0.6765625 0.046875 0.034375
0 0.6328125 0.8671875 0.08125 0.02890625
0 0.75 0.71171875 0.0453125 0.02734375
0 0.78515625 0.9125 0.06171875 0.02421875
0 0.35234375 0.8765625 0.059375 0.02109375
0 0.371875 0.446875 0.04375 0.0265625
0 0.75390625 0.30234375 0.05625 0.0203125
0 0.80078125 0.60078125 0.06015625 0.02734375
0 0.7234375 0.48828125 0.03515625 0.0203125
0 0.74609375 0.8875 0.0703125 0.0265625