0 0.55078125 0.2671875 0.05859375 0.03125
0 0.71875 0.40859375 0.05078125 0.03125
0 0.62734375 0.4859375 0.0546875 0.021875
0 0.7234375 0.4828125 0.0421875 0.0265625
0 0.41796875 0.49375 0.04609375 0.025
0 0.58125 0.628125 0.06640625 0.02578125
0 0.78515625 0.59296875 0.0640625 0.03203125
0 0.71875 0.6703125 0.0359375 0.01875
0 0.84765625 0.69375 0.0421875 0.025
0 0.6859375 0.59453125 0.0453125 0.02265625
0 0.62421875 0.15859375 0.0375 0.02578125
0 0.86953125 0.81015625 0.05859375 0.02578125
0 0.61953125 0.99140625 0.02421875 0.01015625