0 0.5921875 0.925 0.0453125 0.0234375
0 0.6890625 0.9234375 0.053125 0.015625
0 0.796875 0.8796875 0.0515625 0.02578125
0 0.7015625 0.81171875 0.05078125 0.01484375
0 0.621875 0.7875 0.04296875 0.01953125
0 0.53046875 0.82265625 0.040625 0.015625
0 0.46171875 0.846875 0.0875 0.01015625
0 0.4578125 0.82265625 0.04609375 0.025
0 0.3265625 0.83984375 0.04296875 0.01484375
0 0.18671875 0.82265625 0.0265625 0.0203125
0 0.22734375 0.825 0.0296875 0.01015625
0 0.23984375 0.85 0.04453125 0.0109375
0 0.265625 0.765625 0.0265625 0.0125
0 0.29921875 0.7640625 0.04140625 0.01328125
0 0.3484375 0.76171875 0.03125 0.0171875
0 0.33828125 0.7390625 0.0328125 0.01640625
0 0.4078125 0.7046875 0.0484375 0.0140625
0 0.475 0.759375 0.03359375 0.01640625
0 0.8296875 0.7734375 0.03046875 0.01640625
0 0.37421875 0.61484375 0.06015625 0.01640625
0 0.490625 0.575 0.0390625 0.02890625
0 0.61796875 0.55 0.034375 0.0125
0 0.41171875 0.5078125 0.0328125 0.02265625
0 0.26953125 0.4984375 0.034375 0.0109375
0 0.35390625 0.459375 0.0328125 0.0125
0 0.59296875 0.39375 0.05546875 0.0171875
0 0.1546875 0.32734375 0.04296875 0.01953125
0 0.5046875 0.2078125 0.0546875 0.01875
0 0.478125 0.16015625 0.040625 0.02265625
0 0.1796875 0.28828125 0.05546875 0.02578125