0 0.59765625 0.93828125 0.03515625 0.0109375
0 0.54921875 0.859375 0.0375 0.0109375
0 0.46484375 0.8453125 0.04375 0.0109375
0 0.678125 0.721875 0.04375 0.0140625
0 0.6359375 0.6828125 0.0546875 0.01328125
0 0.790625 0.6140625 0.046875 0.0171875
0 0.8171875 0.5875 0.0265625 0.01640625
0 0.7578125 0.6984375 0.0421875 0.01328125
0 0.49140625 0.44375 0.05859375 0.01640625
0 0.42734375 0.38671875 0.034375 0.01015625
0 0.51484375 0.3 0.04140625 0.025
0 0.7109375 0.34140625 0.0359375 0.01484375
0 0.3765625 0.203125 0.034375 0.0234375
0 0.59375 0.2203125 0.046875 0.01796875
0 0.284375 0.234375 0.04765625 0.0125
0 0.92578125 0.35078125 0.0359375 0.028125