0 0.63984375 0.3671875 0.034375 0.01328125
0 0.68515625 0.375 0.0265625 0.0203125
0 0.659375 0.490625 0.071875 0.02265625
0 0.65234375 0.54375 0.03984375 0.02421875
0 0.6875 0.51640625 0.0546875 0.01953125
0 0.4140625 0.5078125 0.04296875 0.009375
0 0.46640625 0.59609375 0.03828125 0.0125
0 0.68359375 0.596875 0.02265625 0.02109375
0 0.73046875 0.64921875 0.0234375 0.0125
0 0.7015625 0.74765625 0.021875 0.0171875
0 0.865625 0.7734375 0.04140625 0.0203125
0 0.80234375 0.825 0.0265625 0.01796875
0 0.84453125 0.825 0.0390625 0.0125
0 0.78359375 0.8984375 0.01953125 0.0171875
0 0.8171875 0.90625 0.03359375 0.01171875
0 0.9203125 0.95 0.03125 0.0234375