0 0.884375 0.471875 0.04140625 0.025
0 0.3734375 0.5265625 0.0625 0.01875
0 0.284375 0.7703125 0.0453125 0.01796875
0 0.29765625 0.73515625 0.05234375 0.0234375
0 0.37890625 0.72265625 0.034375 0.02578125
0 0.43828125 0.7265625 0.05 0.02109375
0 0.63203125 0.74140625 0.06875 0.0265625
0 0.4390625 0.871875 0.04921875 0.028125
0 0.26484375 0.9171875 0.05546875 0.0171875
0 0.70390625 0.92109375 0.0265625 0.0125
0 0.728125 0.93203125 0.0328125 0.0140625
0 0.90390625 0.86796875 0.02109375 0.015625
0 0.90390625 0.71875 0.03046875 0.03046875
0 0.859375 0.58203125 0.0375 0.01953125