0 0.49296875 0.09296875 0.03125 0.02109375
0 0.54140625 0.17890625 0.03046875 0.0203125
0 0.728125 0.1796875 0.028125 0.01796875
0 0.4640625 0.2171875 0.0421875 0.01953125
0 0.31953125 0.22109375 0.04296875 0.01953125
0 0.54140625 0.26640625 0.0234375 0.01484375
0 0.4515625 0.32265625 0.02734375 0.01640625
0 0.5 0.315625 0.021875 0.01484375
0 0.36640625 0.36875 0.03671875 0.02265625
0 0.75625 0.31875 0.02890625 0.025
0 0.66953125 0.35234375 0.03359375 0.015625
0 0.68359375 0.37578125 0.0359375 0.02109375
0 0.57734375 0.5140625 0.02890625 0.02265625
0 0.74375 0.5890625 0.0265625 0.025
0 0.78984375 0.57421875 0.034375 0.02265625
0 0.38203125 0.63203125 0.02890625 0.02109375
0 0.45390625 0.6625 0.034375 0.02421875
0 0.63984375 0.70703125 0.0390625 0.03515625
0 0.6828125 0.7921875 0.0328125 0.01328125
0 0.33671875 0.73984375 0.05 0.0234375
0 0.4984375 0.8890625 0.03046875 0.01796875
0 0.34453125 0.946875 0.0375 0.0203125
0 0.25859375 0.96484375 0.028125 0.01796875