0 0.54453125 0.1234375 0.03125 0.01171875
0 0.49140625 0.13515625 0.02890625 0.0140625
0 0.41015625 0.16953125 0.02109375 0.01328125
0 0.73203125 0.1703125 0.04921875 0.0203125
0 0.540625 0.24375 0.021875 0.01484375
0 0.91171875 0.1765625 0.05234375 0.01796875
0 0.784375 0.35078125 0.05390625 0.0203125
0 0.8453125 0.3359375 0.05390625 0.02109375
0 0.896875 0.3625 0.04765625 0.01953125
0 0.56328125 0.38125 0.05625 0.02109375
0 0.646875 0.4015625 0.03515625 0.0171875
0 0.63359375 0.3953125 0.01875 0.02734375
0 0.75234375 0.40234375 0.03984375 0.01796875
0 0.70546875 0.421875 0.0703125 0.0125
0 0.71875 0.43671875 0.0359375 0.009375
0 0.89453125 0.428125 0.02890625 0.01875
0 0.365625 0.4609375 0.0703125 0.03359375
0 0.2453125 0.48984375 0.0359375 0.01640625
0 0.609375 0.49140625 0.02734375 0.01640625
0 0.6578125 0.5390625 0.05625 0.01484375
0 0.35078125 0.571875 0.05 0.0140625
0 0.51640625 0.58125 0.02421875 0.0234375
0 0.53671875 0.63515625 0.02265625 0.01875
0 0.5640625 0.65078125 0.03828125 0.0171875
0 0.6984375 0.6265625 0.0375 0.01328125
0 0.3515625 0.7140625 0.04609375 0.0125
0 0.44296875 0.64609375 0.04375 0.015625
0 0.69609375 0.715625 0.0484375 0.01796875
0 0.69765625 0.73828125 0.0578125 0.01640625
0 0.78125 0.740625 0.03515625 0.01484375
0 0.8375 0.709375 0.05078125 0.0140625
0 0.8328125 0.68125 0.03828125 0.0140625
0 0.91875 0.734375 0.0265625 0.01328125
0 0.46796875 0.7640625 0.03828125 0.0125
0 0.5109375 0.81328125 0.01953125 0.01171875
0 0.35078125 0.8765625 0.03125 0.01171875
0 0.328125 0.89609375 0.03203125 0.009375
0 0.28125 0.90078125 0.0265625 0.0125
0 0.32265625 0.9390625 0.03203125 0.01328125
0 0.43828125 0.95703125 0.0171875 0.01484375
0 0.7296875 0.89765625 0.06796875 0.0109375
0 0.81015625 0.9265625 0.03125 0.0171875
0 0.83828125 0.9484375 0.03515625 0.0078125
0 0.8984375 0.9765625 0.02421875 0.01171875
0 0.89453125 0.9671875 0.021875 0.01328125
0 0.725 0.78125 0.02734375 0.01171875
0 0.77578125 0.81953125 0.04453125 0.015625
0 0.7625 0.803125 0.040625 0.01640625
0 0.85703125 0.83828125 0.0375 0.01640625
0 0.89765625 0.82578125 0.02890625 0.0265625
0 0.8734375 0.60390625 0.02421875 0.01953125
0 0.80625 0.55390625 0.02421875 0.01640625
0 0.83125 0.54765625 0.01484375 0.0171875
0 0.79140625 0.47734375 0.0265625 0.01171875
0 0.93046875 0.46015625 0.0265625 0.01015625
0 0.9203125 0.50859375 0.0328125 0.02109375
0 0.93125 0.51796875 0.01796875 0.01015625
0 0.921875 0.54375 0.02421875 0.01015625