0 0.76328125 0.9171875 0.05390625 0.0171875
0 0.77890625 0.95703125 0.0453125 0.01953125
0 0.80234375 0.9515625 0.03671875 0.01953125
0 0.31875 0.96953125 0.034375 0.0125
0 0.571875 0.83984375 0.0390625 0.025
0 0.4765625 0.8046875 0.05 0.01171875
0 0.30078125 0.8046875 0.05390625 0.0125
0 0.22421875 0.70859375 0.05078125 0.01328125
0 0.265625 0.7296875 0.0265625 0.03671875
0 0.29921875 0.734375 0.02265625 0.025
0 0.36015625 0.7390625 0.053125 0.01875
0 0.4453125 0.75078125 0.040625 0.02734375
0 0.51171875 0.74453125 0.05 0.0203125
0 0.61328125 0.73515625 0.0484375 0.01640625
0 0.63984375 0.74140625 0.03828125 0.021875
0 0.70703125 0.78359375 0.02265625 0.025
0 0.71953125 0.77109375 0.040625 0.01640625
0 0.78125 0.7796875 0.03203125 0.02109375
0 0.36640625 0.671875 0.046875 0.01640625
0 0.5125 0.70390625 0.06875 0.015625
0 0.5984375 0.66015625 0.046875 0.02578125
0 0.5125 0.6453125 0.046875 0.01796875
0 0.59375 0.6234375 0.025 0.01640625
0 0.5546875 0.6046875 0.0390625 0.015625
0 0.53984375 0.59140625 0.034375 0.01796875
0 0.715625 0.58984375 0.03828125 0.0234375
0 0.57265625 0.56484375 0.0375 0.0171875
0 0.5734375 0.55 0.046875 0.0140625
0 0.6390625 0.53203125 0.04453125 0.01796875
0 0.6703125 0.4921875 0.05234375 0.0234375
0 0.7265625 0.48515625 0.03984375 0.0265625
0 0.71640625 0.42421875 0.0265625 0.01796875
0 0.45 0.425 0.040625 0.0140625
0 0.28515625 0.39453125 0.028125 0.0171875
0 0.36015625 0.3125 0.07421875 0.01171875
0 0.22578125 0.290625 0.03359375 0.02109375
0 0.13828125 0.36171875 0.04453125 0.03125
0 0.7359375 0.278125 0.05546875 0.0171875
0 0.684375 0.12890625 0.0453125 0.0265625