0 0.52421875 0.09453125 0.0765625 0.01875
0 0.4734375 0.16640625 0.08515625 0.028125
0 0.52421875 0.23359375 0.0890625 0.0328125
0 0.58984375 0.40625 0.05390625 0.0234375
0 0.34453125 0.48046875 0.059375 0.01484375
0 0.60859375 0.63984375 0.04921875 0.025
0 0.4515625 0.7109375 0.0515625 0.021875
0 0.53671875 0.7921875 0.0453125 0.025
0 0.61875 0.84921875 0.03984375 0.02421875
0 0.6953125 0.86015625 0.0484375 0.0203125
0 0.740625 0.828125 0.028125 0.0140625
0 0.796875 0.88828125 0.0359375 0.02421875