0 0.621875 0.125 0.03828125 0.0359375
0 0.44375 0.340625 0.04609375 0.028125
0 0.56796875 0.2890625 0.0484375 0.028125
0 0.68046875 0.303125 0.0640625 0.0328125
0 0.5328125 0.41015625 0.1 0.03671875
0 0.44453125 0.4734375 0.0625 0.01953125
0 0.503125 0.503125 0.05390625 0.021875
0 0.79140625 0.55859375 0.0328125 0.02890625
0 0.46015625 0.77890625 0.04296875 0.0234375
0 0.52578125 0.73984375 0.053125 0.03125
0 0.75625 0.7640625 0.05625 0.02109375
0 0.63984375 0.846875 0.0609375 0.0234375
0 0.42421875 0.71796875 0.065625 0.025