0 0.61953125 0.95078125 0.02421875 0.015625
0 0.68046875 0.94140625 0.03359375 0.01015625
0 0.8328125 0.921875 0.03671875 0.0140625
0 0.74140625 0.8421875 0.05234375 0.01953125
0 0.81328125 0.85 0.03984375 0.01640625
0 0.78125 0.82421875 0.04453125 0.02109375
0 0.82421875 0.825 0.046875 0.01953125
0 0.4234375 0.82890625 0.04921875 0.01484375
0 0.73671875 0.7734375 0.025 0.0125
0 0.82109375 0.77734375 0.0328125 0.021875
0 0.77890625 0.74921875 0.03515625 0.02109375
0 0.63828125 0.728125 0.0375 0.0140625
0 0.6984375 0.7234375 0.0375 0.01796875
0 0.65859375 0.678125 0.040625 0.01796875
0 0.76015625 0.6703125 0.02890625 0.01484375
0 0.56875 0.65 0.03125 0.0140625
0 0.50234375 0.63125 0.053125 0.0125
0 0.51875 0.62109375 0.05625 0.01484375
0 0.26796875 0.68046875 0.0421875 0.01484375
0 0.2203125 0.65 0.0296875 0.015625
0 0.22421875 0.58046875 0.0453125 0.028125
0 0.4875 0.58125 0.04609375 0.015625
0 0.63203125 0.60625 0.0296875 0.015625
0 0.734375 0.63359375 0.0328125 0.01640625
0 0.73359375 0.596875 0.0296875 0.02734375
0 0.80234375 0.62734375 0.0375 0.02109375
0 0.540625 0.45625 0.03515625 0.015625
0 0.3203125 0.43203125 0.03515625 0.01328125
0 0.46796875 0.3859375 0.04921875 0.021875
0 0.44375 0.34765625 0.03671875 0.01796875
0 0.4 0.3171875 0.034375 0.021875
0 0.7140625 0.375 0.05625 0.0203125
0 0.74609375 0.346875 0.04921875 0.02421875