0 0.4921875 0.21875 0.03828125 0.01875
0 0.428125 0.34296875 0.04140625 0.02734375
0 0.3140625 0.41953125 0.05234375 0.0203125
0 0.5171875 0.3625 0.0375 0.02421875
0 0.57890625 0.3671875 0.03359375 0.01796875
0 0.67734375 0.5140625 0.03671875 0.01796875
0 0.77109375 0.46171875 0.03203125 0.01953125
0 0.421875 0.54765625 0.03515625 0.0234375
0 0.41015625 0.59921875 0.028125 0.015625
0 0.2890625 0.5953125 0.03828125 0.02265625
0 0.61171875 0.59765625 0.05078125 0.0203125
0 0.4421875 0.6140625 0.028125 0.0109375
0 0.65546875 0.640625 0.03359375 0.0140625
0 0.6796875 0.61953125 0.0265625 0.02109375
0 0.7125 0.67890625 0.03515625 0.0140625
0 0.72734375 0.65703125 0.03984375 0.009375
0 0.80859375 0.56953125 0.0296875 0.0203125
0 0.6203125 0.634375 0.0328125 0.0171875
0 0.5515625 0.4546875 0.034375 0.01484375
0 0.4171875 0.803125 0.053125 0.0171875
0 0.8046875 0.75234375 0.03046875 0.02109375
0 0.790625 0.828125 0.0421875 0.02734375
0 0.603125 0.9578125 0.0421875 0.01796875
0 0.49609375 0.9625 0.03359375 0.01484375
0 0.29765625 0.721875 0.0296875 0.01796875