0 0.90703125 0.4609375 0.06640625 0.03046875
0 0.5765625 0.58984375 0.0359375 0.03046875
0 0.60546875 0.546875 0.04375 0.0203125
0 0.42109375 0.6421875 0.0734375 0.02421875
0 0.70234375 0.63984375 0.03828125 0.028125
0 0.79375 0.61640625 0.04296875 0.02734375
0 0.90234375 0.61015625 0.040625 0.03984375
0 0.83828125 0.59296875 0.0390625 0.0203125
0 0.715625 0.59296875 0.053125 0.01953125
0 0.7296875 0.696875 0.0609375 0.02890625
0 0.65234375 0.8984375 0.05703125 0.015625
0 0.8046875 0.96875 0.0515625 0.02890625