0 0.6890625 0.9875 0.040625 0.025
0 0.45546875 0.49375 0.05625 0.03046875
0 0.57734375 0.59609375 0.04921875 0.0265625
0 0.425 0.69453125 0.0703125 0.02734375
0 0.303125 0.73203125 0.04375 0.03046875
0 0.3859375 0.84765625 0.065625 0.03203125
0 0.61875 0.85234375 0.04921875 0.03046875
0 0.56875 0.90234375 0.04921875 0.02265625
0 0.73046875 0.96171875 0.05078125 0.02421875
0 0.27578125 0.915625 0.0734375 0.03125
0 0.8953125 0.95 0.05390625 0.03125
0 0.68671875 0.63359375 0.05078125 0.03046875
0 0.8578125 0.6828125 0.0609375 0.034375
0 0.52109375 0.41328125 0.07734375 0.02890625