0 0.47421875 0.21875 0.053125 0.028125
0 0.42421875 0.34375 0.07109375 0.02265625
0 0.3375 0.4203125 0.0609375 0.0296875
0 0.5078125 0.3640625 0.0484375 0.03046875
0 0.5578125 0.4546875 0.05390625 0.02421875
0 0.57265625 0.37109375 0.046875 0.02421875
0 0.640625 0.53203125 0.04921875 0.03359375
0 0.43046875 0.56171875 0.08515625 0.04140625
0 0.28359375 0.59296875 0.04296875 0.03125
0 0.3828125 0.625 0.0359375 0.028125
0 0.65 0.59296875 0.0609375 0.0140625
0 0.6703125 0.61640625 0.0515625 0.02421875
0 0.70703125 0.7015625 0.04375 0.01953125
0 0.71640625 0.67265625 0.06015625 0.03046875
0 0.7390625 0.5015625 0.0546875 0.025
0 0.43828125 0.615625 0.04140625 0.0265625
0 0.79453125 0.7515625 0.053125 0.028125
0 0.7609375 0.80703125 0.05546875 0.02421875
0 0.4234375 0.803125 0.08359375 0.02265625
0 0.615625 0.95078125 0.0734375 0.02265625
0 0.8078125 0.55390625 0.0359375 0.01875