0 0.45703125 0.49921875 0.05859375 0.03046875
0 0.421875 0.69765625 0.078125 0.021875
0 0.3046875 0.73671875 0.0421875 0.025
0 0.66953125 0.571875 0.06953125 0.0265625
0 0.45546875 0.81640625 0.0609375 0.025
0 0.26328125 0.92421875 0.05390625 0.0328125
0 0.64375 0.9375 0.03984375 0.02265625
0 0.728125 0.93125 0.03984375 0.025
0 0.78359375 0.87734375 0.05 0.0375
0 0.89609375 0.96171875 0.0328125 0.03125
0 0.5328125 0.4 0.04609375 0.02734375
0 0.88203125 0.4484375 0.046875 0.02421875
0 0.85 0.5625 0.05625 0.02421875
0 0.8859375 0.60625 0.03828125 0.02265625