0 0.66953125 0.21328125 0.04453125 0.01953125
0 0.5234375 0.34765625 0.06171875 0.03125
0 0.2421875 0.45078125 0.0375 0.02734375
0 0.5109375 0.440625 0.04921875 0.0375
0 0.4453125 0.5296875 0.05 0.02734375
0 0.56015625 0.5234375 0.04375 0.009375
0 0.56640625 0.51640625 0.04296875 0.00703125
0 0.76953125 0.44296875 0.0328125 0.0171875
0 0.48125 0.79375 0.05078125 0.01328125
0 0.7921875 0.76796875 0.02734375 0.01640625
0 0.81796875 0.8 0.03828125 0.01875
0 0.865625 0.8203125 0.04296875 0.0125
0 0.834375 0.86015625 0.0328125 0.015625