0 0.3578125 0.54140625 0.0453125 0.01875
0 0.7609375 0.5578125 0.071875 0.028125
0 0.41796875 0.76015625 0.0421875 0.02109375
0 0.290625 0.740625 0.0375 0.021875
0 0.48671875 0.66875 0.04296875 0.01875
0 0.6375 0.74921875 0.0265625 0.0203125
0 0.70078125 0.8109375 0.05859375 0.0171875
0 0.6921875 0.7703125 0.04765625 0.0203125
0 0.73046875 0.89296875 0.046875 0.02109375
0 0.64921875 0.94453125 0.0234375 0.01796875
0 0.76796875 0.9125 0.0375 0.01640625
0 0.5078125 0.934375 0.03359375 0.01484375
0 0.42890625 0.88359375 0.04140625 0.02109375
0 0.37265625 0.8578125 0.0359375 0.0203125
0 0.2546875 0.9234375 0.04765625 0.02265625
0 0.72109375 0.9765625 0.0375 0.0171875