0 0.45546875 0.16328125 0.0328125 0.025
0 0.490625 0.134375 0.0171875 0.0171875
0 0.55 0.12578125 0.028125 0.01015625
0 0.52265625 0.26015625 0.0171875 0.009375
0 0.71796875 0.1734375 0.04765625 0.0171875
0 0.78125 0.25078125 0.03828125 0.0125
0 0.7953125 0.2375 0.03125 0.01171875
0 0.91484375 0.221875 0.025 0.0140625
0 0.8796875 0.271875 0.03671875 0.0140625
0 0.91484375 0.25078125 0.01953125 0.01328125
0 0.87109375 0.3140625 0.0265625 0.0171875
0 0.91484375 0.3046875 0.02578125 0.01640625
0 0.8375 0.3765625 0.025 0.01328125
0 0.9015625 0.37109375 0.021875 0.0125
0 0.90234375 0.3515625 0.01953125 0.01484375
0 0.609375 0.38984375 0.015625 0.01171875
0 0.6765625 0.3796875 0.01875 0.01328125
0 0.703125 0.41640625 0.01796875 0.0171875
0 0.55390625 0.37890625 0.02890625 0.01171875
0 0.33359375 0.45546875 0.03828125 0.02421875
0 0.2421875 0.4953125 0.02578125 0.02265625
0 0.346875 0.571875 0.0453125 0.0140625
0 0.36328125 0.64140625 0.02421875 0.01875
0 0.79296875 0.478125 0.0359375 0.02265625
0 0.8140625 0.46640625 0.02421875 0.0171875
0 0.8671875 0.50390625 0.02109375 0.01328125
0 0.8828125 0.50625 0.021875 0.01640625
0 0.8828125 0.5390625 0.01875 0.01484375
0 0.90234375 0.5375 0.02265625 0.0171875
0 0.665625 0.53125 0.025 0.0265625
0 0.66796875 0.57578125 0.021875 0.01328125
0 0.68046875 0.5640625 0.015625 0.0140625
0 0.78359375 0.55078125 0.01875 0.015625
0 0.78203125 0.62421875 0.0265625 0.02109375
0 0.853125 0.628125 0.025 0.01640625
0 0.91953125 0.60546875 0.03203125 0.01484375
0 0.52734375 0.6078125 0.0296875 0.0140625
0 0.5546875 0.64765625 0.0328125 0.0234375
0 0.60546875 0.62109375 0.02734375 0.015625
0 0.65703125 0.6203125 0.028125 0.0140625
0 0.490625 0.6921875 0.02734375 0.02109375
0 0.34140625 0.7171875 0.0328125 0.015625
0 0.44296875 0.73125 0.03046875 0.015625
0 0.59765625 0.76328125 0.02421875 0.01953125
0 0.5203125 0.79140625 0.03359375 0.01484375
0 0.71796875 0.7359375 0.021875 0.0171875
0 0.7515625 0.74609375 0.0375 0.01796875
0 0.7515625 0.73125 0.0203125 0.01875
0 0.8953125 0.8125 0.02421875 0.02265625
0 0.89296875 0.7328125 0.02109375 0.0171875
0 0.91875 0.71484375 0.0171875 0.0125
0 0.90390625 0.68984375 0.01640625 0.015625
0 0.93046875 0.6578125 0.01953125 0.0140625
0 0.728125 0.825 0.03671875 0.01796875
0 0.69609375 0.89140625 0.040625 0.02265625
0 0.8515625 0.91328125 0.0265625 0.02109375
0 0.8828125 0.9296875 0.028125 0.02109375
0 0.44140625 0.9609375 0.028125 0.01796875
0 0.35625 0.86875 0.028125 0.02265625
0 0.3546875 0.90078125 0.025 0.0171875
0 0.2625 0.89609375 0.021875 0.02109375
0 0.28515625 0.89609375 0.02578125 0.02109375
0 0.79296875 0.9609375 0.02890625 0.0203125