0 0.3265625 0.89765625 0.028125 0.009375
0 0.35703125 0.8859375 0.02421875 0.0171875
0 0.2609375 0.8953125 0.01875 0.0203125
0 0.27734375 0.8953125 0.02109375 0.01640625
0 0.27578125 0.95078125 0.02734375 0.01484375
0 0.4421875 0.96484375 0.0171875 0.0125
0 0.79765625 0.96171875 0.0359375 0.0125
0 0.84140625 0.9421875 0.03125 0.021875
0 0.8671875 0.92265625 0.03125 0.01640625
0 0.9171875 0.903125 0.02265625 0.0125
0 0.784375 0.85234375 0.04453125 0.01171875
0 0.5125 0.7984375 0.0359375 0.01640625
0 0.590625 0.809375 0.053125 0.0171875
0 0.45546875 0.73359375 0.0375 0.01328125
0 0.3375 0.72265625 0.01875 0.00703125
0 0.51328125 0.68515625 0.03125 0.01484375
0 0.7265625 0.746875 0.0453125 0.009375
0 0.71640625 0.7359375 0.04609375 0.0125
0 0.759375 0.76171875 0.021875 0.01484375
0 0.82578125 0.7359375 0.0390625 0.01171875
0 0.9234375 0.77578125 0.04609375 0.01484375
0 0.90078125 0.803125 0.03359375 0.01953125
0 0.69921875 0.67578125 0.01953125 0.01484375
0 0.9046875 0.6796875 0.0421875 0.0109375
0 0.928125 0.6859375 0.02109375 0.009375
0 0.91015625 0.671875 0.0328125 0.00859375
0 0.8328125 0.63984375 0.02109375 0.01328125
0 0.68515625 0.65 0.02109375 0.01640625
0 0.5578125 0.65234375 0.06328125 0.0125
0 0.39609375 0.653125 0.025 0.01484375
0 0.52265625 0.60625 0.01953125 0.01875
0 0.35390625 0.575 0.06875 0.01171875
0 0.67265625 0.60078125 0.046875 0.01484375
0 0.803125 0.5890625 0.0421875 0.00859375
0 0.825 0.60234375 0.0375 0.00625
0 0.9109375 0.61484375 0.04375 0.01328125
0 0.33828125 0.45546875 0.034375 0.0125
0 0.240625 0.490625 0.01953125 0.02109375
0 0.5578125 0.38125 0.059375 0.0109375
0 0.61484375 0.396875 0.02890625 0.015625
0 0.64609375 0.38828125 0.0359375 0.0125
0 0.696875 0.42109375 0.0421875 0.015625
0 0.7234375 0.4125 0.03671875 0.01796875
0 0.76484375 0.4265625 0.0328125 0.01796875
0 0.85703125 0.4234375 0.0296875 0.021875
0 0.8625 0.4578125 0.04453125 0.01953125
0 0.9 0.41484375 0.03203125 0.01015625
0 0.8765625 0.378125 0.04609375 0.01953125
0 0.8796875 0.325 0.02578125 0.01484375
0 0.909375 0.32421875 0.03515625 0.01484375
0 0.92421875 0.35 0.034375 0.0125
0 0.91328125 0.3875 0.0328125 0.015625
0 0.92109375 0.43984375 0.0203125 0.01640625
0 0.71796875 0.26484375 0.04375 0.0234375
0 0.5203125 0.2625 0.03203125 0.02109375
0 0.81328125 0.2453125 0.04921875 0.03046875
0 0.921875 0.22265625 0.025 0.0171875
0 0.8515625 0.22109375 0.04296875 0.0265625
0 0.71640625 0.1734375 0.04140625 0.0171875
0 0.55078125 0.12421875 0.06875 0.0140625
0 0.49296875 0.13984375 0.02265625 0.01015625
0 0.434375 0.1703125 0.040625 0.00625