0 0.43515625 0.971875 0.0265625 0.021875
0 0.35390625 0.9171875 0.0203125 0.0140625
0 0.35234375 0.8671875 0.01796875 0.009375
0 0.25703125 0.896875 0.0265625 0.009375
0 0.2765625 0.9046875 0.025 0.0125
0 0.5609375 0.78671875 0.0390625 0.015625
0 0.64921875 0.78984375 0.05078125 0.0203125
0 0.728125 0.8234375 0.03984375 0.02265625
0 0.75625 0.85859375 0.02734375 0.0203125
0 0.8375 0.97421875 0.0234375 0.0171875
0 0.84921875 0.9921875 0.01796875 0.00703125
0 0.86640625 0.98828125 0.02265625 0.015625
0 0.89140625 0.96875 0.04609375 0.01640625
0 0.81953125 0.8375 0.0296875 0.00625
0 0.834375 0.809375 0.05 0.0109375
0 0.88671875 0.81484375 0.0234375 0.021875
0 0.8875 0.7328125 0.02578125 0.0109375
0 0.746875 0.7296875 0.04140625 0.015625
0 0.77890625 0.7265625 0.01875 0.015625
0 0.58125 0.7296875 0.040625 0.01796875
0 0.61171875 0.71171875 0.02109375 0.01875
0 0.44296875 0.70078125 0.0203125 0.01796875
0 0.521875 0.69296875 0.0203125 0.01640625
0 0.33125 0.71015625 0.03125 0.0125
0 0.5640625 0.653125 0.040625 0.02109375
0 0.825 0.61875 0.0375 0.0140625
0 0.65703125 0.57265625 0.0234375 0.01328125
0 0.65234375 0.55859375 0.0234375 0.01328125
0 0.675 0.565625 0.01875 0.01171875
0 0.81328125 0.5203125 0.03125 0.01796875
0 0.5734375 0.55390625 0.0671875 0.01171875
0 0.52578125 0.53125 0.028125 0.01640625
0 0.37578125 0.575 0.03671875 0.0109375
0 0.35 0.43125 0.0359375 0.01640625
0 0.54453125 0.49375 0.03125 0.0140625
0 0.5859375 0.48828125 0.0390625 0.015625
0 0.69296875 0.4609375 0.02109375 0.0171875
0 0.79765625 0.4921875 0.02265625 0.0140625
0 0.75078125 0.42578125 0.03515625 0.01796875
0 0.81640625 0.4859375 0.0203125 0.01328125
0 0.87734375 0.4625 0.034375 0.0078125
0 0.54609375 0.37421875 0.0265625 0.0203125
0 0.61875 0.3875 0.04296875 0.0140625
0 0.71484375 0.36796875 0.05 0.0140625
0 0.68828125 0.3578125 0.0421875 0.0078125
0 0.6765625 0.3390625 0.05 0.00703125
0 0.60859375 0.325 0.0171875 0.01796875
0 0.6828125 0.315625 0.028125 0.0078125
0 0.5234375 0.26015625 0.02890625 0.0140625
0 0.6390625 0.1828125 0.0234375 0.0203125
0 0.47578125 0.14453125 0.03515625 0.0203125
0 0.49609375 0.12890625 0.01953125 0.015625
0 0.54140625 0.121875 0.02421875 0.01171875
0 0.84921875 0.2875 0.0265625 0.01484375
0 0.84921875 0.32421875 0.028125 0.0109375
0 0.88203125 0.3046875 0.02578125 0.0140625
0 0.88828125 0.28125 0.021875 0.01640625
0 0.9203125 0.390625 0.02421875 0.01796875
0 0.896875 0.35234375 0.03359375 0.0171875
0 0.91953125 0.68984375 0.025 0.0125