0 0.67734375 0.38046875 0.06328125 0.02265625
0 0.78125 0.27265625 0.04140625 0.03515625
0 0.4875 0.3265625 0.06328125 0.01640625
0 0.41328125 0.3921875 0.0515625 0.0265625
0 0.7234375 0.5515625 0.0515625 0.0296875
0 0.3734375 0.625 0.04765625 0.0171875
0 0.55390625 0.76171875 0.0640625 0.02265625
0 0.70703125 0.8203125 0.0265625 0.01796875
0 0.7375 0.8296875 0.0515625 0.02265625
0 0.74375 0.87109375 0.0578125 0.01953125
0 0.6953125 0.9265625 0.0671875 0.02890625
0 0.55703125 0.940625 0.0296875 0.0125