0 0.39609375 0.88046875 0.04453125 0.01328125
0 0.58046875 0.94453125 0.03515625 0.00859375
0 0.815625 0.934375 0.01953125 0.0140625
0 0.62734375 0.7859375 0.0390625 0.01953125
0 0.44921875 0.71484375 0.046875 0.0171875
0 0.54921875 0.653125 0.0390625 0.0171875
0 0.7328125 0.6171875 0.03125 0.015625
0 0.49765625 0.5671875 0.05234375 0.02890625
0 0.47890625 0.55390625 0.0421875 0.01484375
0 0.62734375 0.4875 0.0453125 0.0125
0 0.7390625 0.54296875 0.025 0.0171875
0 0.6078125 0.47734375 0.0453125 0.01875
0 0.89140625 0.434375 0.0421875 0.015625
0 0.90703125 0.3640625 0.0234375 0.021875
0 0.88515625 0.2890625 0.028125 0.01796875
0 0.60078125 0.1265625 0.03046875 0.02265625
0 0.8375 0.11171875 0.04609375 0.01875