0 0.57265625 0.30859375 0.06328125 0.0265625
0 0.615625 0.26796875 0.0421875 0.0171875
0 0.4328125 0.49765625 0.07578125 0.028125
0 0.58671875 0.48984375 0.03828125 0.02109375
0 0.646875 0.50390625 0.04296875 0.0171875
0 0.7515625 0.5640625 0.03203125 0.01796875
0 0.71171875 0.62734375 0.0734375 0.01640625
0 0.48125 0.68125 0.04921875 0.01640625
0 0.73203125 0.73984375 0.0453125 0.01953125
0 0.81484375 0.7546875 0.0609375 0.02109375
0 0.85703125 0.84140625 0.04609375 0.02109375
0 0.49375 0.66640625 0.03046875 0.01015625