0 0.61640625 0.14765625 0.04453125 0.0375
0 0.378125 0.4 0.06484375 0.0171875
0 0.71796875 0.38984375 0.05390625 0.03359375
0 0.71875 0.48515625 0.059375 0.02578125
0 0.69765625 0.45703125 0.0328125 0.0265625
0 0.8796875 0.50859375 0.04375 0.02578125
0 0.6203125 0.55625 0.090625 0.01484375
0 0.58046875 0.53671875 0.0484375 0.02890625
0 0.3640625 0.67109375 0.05234375 0.0234375
0 0.3921875 0.78125 0.0578125 0.01953125
0 0.5328125 0.7453125 0.03515625 0.0234375
0 0.6046875 0.9078125 0.03984375 0.01796875
0 0.5015625 0.98125 0.04921875 0.01796875
0 0.759375 0.9671875 0.0515625 0.02265625
0 0.8765625 0.7828125 0.0421875 0.03125
0 0.909375 0.8140625 0.02578125 0.03359375