0 0.7125 0.25390625 0.0859375 0.021875
0 0.59140625 0.359375 0.06328125 0.0203125
0 0.47578125 0.34921875 0.06171875 0.0265625
0 0.5953125 0.44296875 0.0703125 0.02890625
0 0.43671875 0.51640625 0.04765625 0.015625
0 0.65078125 0.62578125 0.06015625 0.025
0 0.5921875 0.75390625 0.0625 0.01875
0 0.7265625 0.8453125 0.06875 0.01953125
0 0.73515625 0.86484375 0.07109375 0.0171875
0 0.83671875 0.8453125 0.053125 0.0171875
0 0.784375 0.86640625 0.05234375 0.01875
0 0.54609375 0.93359375 0.04140625 0.03203125