0 0.409375 0.07890625 0.05 0.0171875
0 0.3578125 0.09296875 0.03671875 0.0203125
0 0.27421875 0.11171875 0.03984375 0.0234375
0 0.6359375 0.0734375 0.05859375 0.02265625
0 0.64609375 0.1453125 0.0390625 0.02734375
0 0.3859375 0.2171875 0.04140625 0.02265625
0 0.721875 0.26953125 0.0296875 0.0140625
0 0.7578125 0.30546875 0.02109375 0.0203125
0 0.7953125 0.22421875 0.03125 0.01796875
0 0.57890625 0.29453125 0.02734375 0.0171875
0 0.43671875 0.3453125 0.03515625 0.01953125
0 0.57265625 0.39375 0.03984375 0.02265625
0 0.59609375 0.42734375 0.04296875 0.0234375
0 0.5828125 0.46328125 0.03828125 0.021875
0 0.5375 0.48984375 0.021875 0.0234375
0 0.56484375 0.5015625 0.0328125 0.01640625
0 0.62109375 0.48046875 0.02421875 0.0203125
0 0.65 0.48359375 0.04453125 0.02578125
0 0.8 0.4828125 0.03046875 0.02109375
0 0.81171875 0.51484375 0.0234375 0.0171875
0 0.77578125 0.54921875 0.02890625 0.021875
0 0.8078125 0.58203125 0.03203125 0.01875
0 0.425 0.58515625 0.03125 0.01796875
0 0.4296875 0.57421875 0.02109375 0.01640625
0 0.2484375 0.55703125 0.03515625 0.02109375
0 0.23046875 0.42890625 0.034375 0.015625
0 0.1140625 0.46484375 0.06640625 0.0265625
0 0.81640625 0.3328125 0.03828125 0.01640625
0 0.21796875 0.68359375 0.040625 0.021875
0 0.2421875 0.66953125 0.03046875 0.01796875
0 0.178125 0.72265625 0.040625 0.0234375
0 0.35078125 0.7515625 0.0234375 0.021875
0 0.41875 0.77734375 0.0328125 0.01875
0 0.26875 0.83984375 0.0296875 0.01796875
0 0.53984375 0.68359375 0.021875 0.01796875
0 0.55703125 0.67890625 0.03984375 0.01875
0 0.56640625 0.72734375 0.028125 0.02109375
0 0.72578125 0.7140625 0.0234375 0.021875
0 0.7859375 0.67734375 0.03984375 0.025
0 0.81484375 0.675 0.021875 0.0234375
0 0.734375 0.7921875 0.0203125 0.01484375
0 0.73203125 0.77265625 0.025 0.0171875
0 0.75703125 0.79296875 0.03828125 0.01953125
0 0.8234375 0.8015625 0.03046875 0.01484375
0 0.55390625 0.7921875 0.0359375 0.02265625
0 0.61875 0.79140625 0.0375 0.01796875
0 0.59375 0.83359375 0.025 0.021875
0 0.178125 0.86796875 0.03828125 0.0171875
0 0.23046875 0.87265625 0.02578125 0.021875
0 0.22890625 0.903125 0.03046875 0.01484375
0 0.27578125 0.90546875 0.0296875 0.01640625
0 0.49453125 0.9359375 0.028125 0.0171875
0 0.60625 0.88515625 0.0359375 0.0125
0 0.65546875 0.95859375 0.01953125 0.01484375
0 0.62890625 0.8734375 0.0296875 0.01640625