0 0.2703125 0.2890625 0.0515625 0.02265625
0 0.53125 0.29296875 0.05 0.02578125
0 0.39375 0.31328125 0.0421875 0.01484375
0 0.36015625 0.3734375 0.03046875 0.01640625
0 0.24140625 0.4234375 0.0453125 0.01953125
0 0.70390625 0.3796875 0.053125 0.02265625
0 0.68125 0.51640625 0.07578125 0.0265625
0 0.43125 0.55546875 0.0703125 0.028125
0 0.5265625 0.603125 0.03828125 0.0171875
0 0.596875 0.60234375 0.03046875 0.025
0 0.68359375 0.58671875 0.03203125 0.021875
0 0.49609375 0.66171875 0.05625 0.021875
0 0.246875 0.68984375 0.05546875 0.0140625
0 0.6453125 0.6875 0.046875 0.0203125
0 0.665625 0.6625 0.0328125 0.01875
0 0.6296875 0.7609375 0.03125 0.02109375
0 0.35625 0.86953125 0.05390625 0.0171875
0 0.60078125 0.859375 0.034375 0.021875
0 0.69765625 0.78515625 0.03671875 0.0234375
0 0.7484375 0.77109375 0.03828125 0.0171875
0 0.7828125 0.76328125 0.028125 0.0203125
0 0.73984375 0.74375 0.034375 0.0203125
0 0.78046875 0.73984375 0.0328125 0.01171875
0 0.809375 0.76640625 0.0265625 0.01875
0 0.69921875 0.66015625 0.0359375 0.01796875
0 0.72421875 0.63984375 0.0265625 0.0265625
0 0.5359375 0.41875 0.06015625 0.01796875