0 0.38515625 0.528125 0.05234375 0.021875
0 0.48828125 0.5015625 0.05078125 0.0265625
0 0.30390625 0.771875 0.04296875 0.01640625
0 0.296875 0.734375 0.06484375 0.01484375
0 0.38046875 0.71796875 0.04296875 0.03359375
0 0.4375 0.721875 0.0390625 0.021875
0 0.49375 0.871875 0.05 0.0296875
0 0.26484375 0.91796875 0.0375 0.01171875
0 0.60390625 0.95546875 0.0515625 0.01796875
0 0.71796875 0.9296875 0.04453125 0.02578125
0 0.753125 0.9015625 0.053125 0.01875
0 0.90078125 0.8625 0.04609375 0.02578125
0 0.6359375 0.73984375 0.0703125 0.02578125
0 0.88046875 0.559375 0.04765625 0.021875