0 0.734375 0.9609375 0.04296875 0.0109375
0 0.76953125 0.94375 0.0515625 0.0140625
0 0.29140625 0.96796875 0.040625 0.01015625
0 0.71328125 0.88984375 0.03828125 0.01875
0 0.559375 0.8625 0.04375 0.0203125
0 0.7671875 0.8390625 0.04140625 0.01953125
0 0.7921875 0.78515625 0.03203125 0.0234375
0 0.6484375 0.78671875 0.04296875 0.01796875
0 0.6390625 0.76796875 0.04609375 0.02109375
0 0.446875 0.7921875 0.0375 0.021875
0 0.51328125 0.7671875 0.04296875 0.01796875
0 0.55625 0.75859375 0.0296875 0.01796875
0 0.55234375 0.73515625 0.04765625 0.015625
0 0.58125 0.70078125 0.034375 0.01875
0 0.38359375 0.7453125 0.0328125 0.0140625
0 0.31953125 0.73359375 0.03828125 0.0140625
0 0.27265625 0.7109375 0.0375 0.0140625
0 0.340625 0.715625 0.0375 0.01328125
0 0.325 0.68671875 0.034375 0.0140625
0 0.1859375 0.74609375 0.03359375 0.01640625
0 0.209375 0.634375 0.04375 0.02265625
0 0.4875 0.64296875 0.0375 0.015625
0 0.58046875 0.64296875 0.0375 0.0203125
0 0.49296875 0.59296875 0.025 0.0125
0 0.4765625 0.58203125 0.03828125 0.0109375
0 0.575 0.58359375 0.0328125 0.0234375
0 0.68671875 0.56171875 0.05078125 0.01875
0 0.56875 0.53515625 0.03203125 0.01875
0 0.63359375 0.51484375 0.05703125 0.01640625
0 0.61484375 0.478125 0.05703125 0.01484375
0 0.6046875 0.44453125 0.06171875 0.02109375
0 0.7171875 0.4078125 0.07421875 0.02265625
0 0.37890625 0.4359375 0.03984375 0.01171875
0 0.2515625 0.39765625 0.0328125 0.015625
0 0.12890625 0.35546875 0.0390625 0.0171875
0 0.2328125 0.29609375 0.0484375 0.01484375
0 0.34921875 0.309375 0.05546875 0.02421875
0 0.66796875 0.11953125 0.06875 0.02421875