0 0.51484375 0.29140625 0.0671875 0.01328125
0 0.6546875 0.34296875 0.0546875 0.02890625
0 0.65078125 0.39765625 0.03515625 0.03046875
0 0.58359375 0.48984375 0.07734375 0.01875
0 0.3890625 0.39375 0.06640625 0.02265625
0 0.2734375 0.71484375 0.04296875 0.01796875
0 0.54765625 0.81171875 0.06171875 0.03125
0 0.6578125 0.784375 0.0703125 0.025
0 0.709375 0.85078125 0.0421875 0.01875
0 0.65546875 0.88828125 0.03203125 0.01484375
0 0.703125 0.884375 0.0234375 0.01875
0 0.65390625 0.9375 0.05625 0.01796875