0 0.76953125 0.38671875 0.05 0.0171875
0 0.715625 0.43828125 0.05078125 0.01953125
0 0.78125 0.63671875 0.07109375 0.02734375
0 0.759375 0.66953125 0.034375 0.01484375
0 0.85078125 0.671875 0.04140625 0.01796875
0 0.87578125 0.61953125 0.0515625 0.01328125
0 0.6671875 0.5140625 0.05703125 0.0140625
0 0.696875 0.59765625 0.03984375 0.02890625
0 0.76015625 0.4546875 0.05078125 0.02109375
0 0.89375 0.81953125 0.03359375 0.025
0 0.5875 0.15390625 0.05625 0.01875
0 0.77578125 0.1828125 0.07265625 0.02734375