0 0.609375 0.1453125 0.04140625 0.034375
0 0.42265625 0.359375 0.0484375 0.0296875
0 0.58359375 0.29609375 0.05234375 0.01875
0 0.62109375 0.31484375 0.04765625 0.02265625
0 0.54921875 0.42421875 0.06171875 0.0328125
0 0.4453125 0.47890625 0.05 0.025
0 0.52734375 0.49296875 0.0671875 0.0234375
0 0.771875 0.5515625 0.0421875 0.0359375
0 0.32890625 0.69765625 0.0578125 0.01953125
0 0.3921875 0.7625 0.04375 0.01484375
0 0.40078125 0.740625 0.0359375 0.02734375
0 0.7515625 0.7671875 0.0640625 0.02421875
0 0.634375 0.8515625 0.03359375 0.021875