0 0.67890625 0.2140625 0.06328125 0.0203125
0 0.45625 0.39765625 0.0359375 0.01875
0 0.434375 0.45859375 0.0390625 0.02109375
0 0.5890625 0.4359375 0.040625 0.03359375
0 0.62109375 0.40546875 0.03515625 0.01875
0 0.678125 0.44375 0.0234375 0.00859375
0 0.69140625 0.45390625 0.0328125 0.0109375
0 0.72890625 0.43671875 0.02734375 0.01796875
0 0.4125 0.72421875 0.03828125 0.025
0 0.28046875 0.584375 0.03828125 0.02890625
0 0.334375 0.62890625 0.05234375 0.02578125
0 0.34140625 0.584375 0.05390625 0.01953125
0 0.4375 0.53828125 0.059375 0.02421875
0 0.38046875 0.315625 0.06953125 0.025
0 0.640625 0.7703125 0.0609375 0.01875
0 0.5359375 0.54375 0.03984375 0.02421875
0 0.3328125 0.46796875 0.04765625 0.01875
0 0.75078125 0.3 0.05 0.0171875