0 0.56484375 0.790625 0.04296875 0.02109375
0 0.69765625 0.9203125 0.0375 0.01640625
0 0.59609375 0.94296875 0.025 0.0140625
0 0.74375 0.87265625 0.03984375 0.0140625
0 0.73828125 0.84609375 0.0453125 0.0171875
0 0.7078125 0.8046875 0.03828125 0.0140625
0 0.67578125 0.4953125 0.06953125 0.025
0 0.371875 0.6265625 0.059375 0.021875
0 0.415625 0.3921875 0.03984375 0.021875
0 0.66875 0.378125 0.0484375 0.02421875
0 0.49921875 0.30234375 0.0703125 0.02109375
0 0.7640625 0.303125 0.03828125 0.01328125