0 0.6375 0.27109375 0.04765625 0.01796875
0 0.5265625 0.29453125 0.02734375 0.009375
0 0.56796875 0.44921875 0.02734375 0.02890625
0 0.6203125 0.459375 0.03515625 0.02265625
0 0.5828125 0.51015625 0.0484375 0.0140625
0 0.32109375 0.51171875 0.0625 0.0125
0 0.66015625 0.59765625 0.04296875 0.0125
0 0.68203125 0.59453125 0.0328125 0.01953125
0 0.703125 0.67578125 0.05078125 0.01796875
0 0.5359375 0.7359375 0.065625 0.02109375
0 0.778125 0.74375 0.0421875 0.015625
0 0.84609375 0.75546875 0.0328125 0.01875
0 0.95 0.6890625 0.03203125 0.021875
0 0.671875 0.87578125 0.0375 0.0171875