0 0.40703125 0.1015625 0.021875 0.01875
0 0.3578125 0.1109375 0.02890625 0.01484375
0 0.27578125 0.13671875 0.03203125 0.021875
0 0.6390625 0.09609375 0.02421875 0.0171875
0 0.63828125 0.1671875 0.03359375 0.01640625
0 0.55703125 0.29296875 0.0375 0.0203125
0 0.378125 0.234375 0.0421875 0.0234375
0 0.71484375 0.2921875 0.02890625 0.01953125
0 0.79375 0.240625 0.03125 0.01640625
0 0.7765625 0.34765625 0.03125 0.02109375
0 0.56484375 0.4125 0.0375 0.028125
0 0.43125 0.3625 0.0421875 0.01796875
0 0.23203125 0.446875 0.0296875 0.0171875
0 0.12421875 0.48125 0.03203125 0.02109375
0 0.240625 0.575 0.03515625 0.021875
0 0.42265625 0.59296875 0.025 0.015625
0 0.51640625 0.521875 0.0328125 0.0171875
0 0.6046875 0.45 0.02265625 0.01875
0 0.61796875 0.46796875 0.02734375 0.01328125
0 0.61328125 0.49921875 0.03203125 0.0203125
0 0.5609375 0.51484375 0.021875 0.015625
0 0.63203125 0.5203125 0.04140625 0.01875
0 0.675 0.49921875 0.0375 0.01875
0 0.74609375 0.521875 0.040625 0.021875
0 0.73828125 0.60546875 0.02734375 0.015625
0 0.80703125 0.59609375 0.028125 0.0234375
0 0.6203125 0.6890625 0.025 0.015625
0 0.553125 0.70859375 0.02734375 0.0140625
0 0.5578125 0.6984375 0.02265625 0.01484375
0 0.7234375 0.73359375 0.02421875 0.01796875
0 0.5640625 0.7609375 0.03828125 0.02109375
0 0.21875 0.70234375 0.0234375 0.0140625
0 0.2375 0.68671875 0.01640625 0.01328125
0 0.17421875 0.7421875 0.0296875 0.01875
0 0.3546875 0.77265625 0.02734375 0.0171875
0 0.4125 0.79609375 0.02421875 0.015625
0 0.5484375 0.821875 0.03984375 0.01640625
0 0.609375 0.815625 0.02734375 0.01953125
0 0.61875 0.86015625 0.028125 0.01953125
0 0.5859375 0.91171875 0.034375 0.021875
0 0.61953125 0.91171875 0.0203125 0.01328125
0 0.690625 0.89609375 0.03046875 0.025
0 0.7765625 0.83359375 0.025 0.021875
0 0.8203125 0.81875 0.01796875 0.0140625
0 0.8125 0.84375 0.021875 0.01484375
0 0.5015625 0.95703125 0.03046875 0.02890625
0 0.64921875 0.98515625 0.05234375 0.0203125
0 0.22890625 0.92265625 0.02421875 0.0171875
0 0.29609375 0.92265625 0.0265625 0.0171875
0 0.23359375 0.89375 0.0296875 0.0109375
0 0.265625 0.86015625 0.025 0.0171875
0 0.16875 0.88984375 0.028125 0.01328125