0 0.60234375 0.11953125 0.05625 0.015625
0 0.7296875 0.12421875 0.034375 0.0125
0 0.88359375 0.1640625 0.06015625 0.034375
0 0.67421875 0.18828125 0.03984375 0.009375
0 0.56328125 0.1765625 0.02890625 0.0125
0 0.24453125 0.190625 0.03046875 0.0265625
0 0.27265625 0.246875 0.06484375 0.02421875
0 0.51015625 0.2625 0.06953125 0.01953125
0 0.57421875 0.25390625 0.02734375 0.01171875
0 0.60390625 0.240625 0.03125 0.01484375
0 0.62890625 0.2484375 0.0390625 0.00703125
0 0.6234375 0.23359375 0.03515625 0.01484375
0 0.7203125 0.23203125 0.0375 0.01484375
0 0.9 0.2203125 0.03125 0.02109375
0 0.6796875 0.30625 0.0203125 0.0109375
0 0.81796875 0.30703125 0.040625 0.0140625
0 0.54921875 0.3765625 0.034375 0.01640625
0 0.5890625 0.371875 0.06171875 0.015625
0 0.7484375 0.38671875 0.0265625 0.02421875
0 0.690625 0.425 0.04921875 0.01875
0 0.67890625 0.4109375 0.0328125 0.01484375
0 0.58828125 0.4296875 0.028125 0.0203125
0 0.61171875 0.4265625 0.0359375 0.0140625
0 0.39453125 0.45 0.02578125 0.02109375
0 0.29296875 0.45703125 0.03125 0.0140625
0 0.46015625 0.4828125 0.03515625 0.0234375
0 0.3703125 0.5796875 0.059375 0.01796875
0 0.5015625 0.565625 0.03359375 0.0140625
0 0.65 0.5109375 0.0234375 0.0140625
0 0.65234375 0.48203125 0.03203125 0.0109375
0 0.75390625 0.48515625 0.03671875 0.0140625
0 0.73671875 0.525 0.0359375 0.0203125
0 0.846875 0.559375 0.02734375 0.025
0 0.65234375 0.6046875 0.05390625 0.0109375
0 0.82265625 0.60859375 0.021875 0.0203125
0 0.55859375 0.65078125 0.03046875 0.0109375
0 0.81640625 0.65703125 0.02421875 0.0171875
0 0.7375 0.6890625 0.02890625 0.01484375
0 0.35546875 0.69921875 0.04453125 0.015625
0 0.453125 0.7515625 0.034375 0.0140625
0 0.4328125 0.79140625 0.0640625 0.01015625
0 0.47109375 0.84609375 0.0671875 0.0109375
0 0.39453125 0.87890625 0.04453125 0.0125
0 0.26796875 0.8875 0.040625 0.015625
0 0.24921875 0.9125 0.0390625 0.009375
0 0.421875 0.93671875 0.05703125 0.0109375
0 0.6390625 0.9140625 0.0359375 0.00625
0 0.571875 0.85546875 0.04375 0.00546875
0 0.653125 0.79453125 0.09453125 0.0078125
0 0.7703125 0.74453125 0.0328125 0.01640625
0 0.64609375 0.88046875 0.04140625 0.0109375
0 0.71953125 0.9890625 0.02734375 0.0125
0 0.72109375 0.88828125 0.04296875 0.015625
0 0.77265625 0.90390625 0.02578125 0.01171875
0 0.803125 0.9203125 0.03125 0.00703125
0 0.865625 0.915625 0.040625 0.0109375
0 0.83984375 0.90546875 0.0234375 0.009375
0 0.93359375 0.90625 0.04375 0.009375