0 0.4421875 0.96171875 0.0296875 0.0203125
0 0.3515625 0.89609375 0.0375 0.01328125
0 0.778125 0.95390625 0.02890625 0.01171875
0 0.6828125 0.88046875 0.03125 0.01875
0 0.2578125 0.89609375 0.01796875 0.015625
0 0.27890625 0.8984375 0.02109375 0.01171875
0 0.3578125 0.8703125 0.0296875 0.01328125
0 0.53515625 0.78984375 0.02109375 0.01796875
0 0.71953125 0.82109375 0.06328125 0.01953125
0 0.8875 0.8171875 0.0359375 0.021875
0 0.8578125 0.90390625 0.02890625 0.0234375
0 0.721875 0.746875 0.01875 0.0125
0 0.753125 0.74609375 0.021875 0.01015625
0 0.6140625 0.74375 0.04296875 0.0125
0 0.48984375 0.69453125 0.02734375 0.00703125
0 0.4515625 0.703125 0.0234375 0.00859375
0 0.3375 0.71875 0.03203125 0.01328125
0 0.7515625 0.71875 0.034375 0.01640625
0 0.88515625 0.7125 0.02734375 0.01875
0 0.91171875 0.725 0.015625 0.0140625
0 0.5515625 0.65 0.0359375 0.0078125
0 0.3640625 0.64140625 0.03203125 0.0140625
0 0.52578125 0.6125 0.03046875 0.0109375
0 0.578125 0.5921875 0.025 0.02109375
0 0.665625 0.603125 0.03984375 0.01953125
0 0.6625 0.57734375 0.0234375 0.0140625
0 0.66796875 0.56640625 0.0375 0.00859375
0 0.7265625 0.6125 0.0375 0.01015625
0 0.76953125 0.58671875 0.02265625 0.01796875
0 0.90234375 0.615625 0.0296875 0.01015625
0 0.90078125 0.53203125 0.02890625 0.0203125
0 0.925 0.60234375 0.0140625 0.015625
0 0.9296875 0.6609375 0.015625 0.01015625
0 0.92109375 0.6890625 0.02109375 0.01484375
0 0.86015625 0.509375 0.01640625 0.0109375
0 0.81796875 0.49921875 0.03828125 0.0109375
0 0.77265625 0.4953125 0.01640625 0.0140625
0 0.6171875 0.51796875 0.0328125 0.01171875
0 0.35 0.5765625 0.04296875 0.015625
0 0.253125 0.53125 0.02421875 0.01328125
0 0.3375 0.45234375 0.02421875 0.00859375
0 0.5515625 0.3765625 0.04765625 0.009375
0 0.6109375 0.38984375 0.0265625 0.0203125
0 0.70859375 0.390625 0.028125 0.01015625
0 0.7078125 0.4203125 0.04921875 0.0203125
0 0.7359375 0.46015625 0.04921875 0.015625
0 0.7890625 0.46484375 0.03671875 0.01796875
0 0.89296875 0.36328125 0.02421875 0.009375
0 0.884375 0.36484375 0.02109375 0.01171875
0 0.9109375 0.3890625 0.0234375 0.0125
0 0.896875 0.3515625 0.01953125 0.01171875
0 0.88359375 0.3140625 0.01953125 0.0125
0 0.89453125 0.30390625 0.0484375 0.01015625
0 0.85390625 0.290625 0.01875 0.01328125
0 0.8140625 0.2609375 0.04453125 0.01796875
0 0.80703125 0.23125 0.0375 0.02265625
0 0.909375 0.246875 0.02109375 0.01171875
0 0.909375 0.21328125 0.02109375 0.01328125
0 0.52109375 0.259375 0.01640625 0.025
0 0.7203125 0.17265625 0.02890625 0.015625
0 0.4609375 0.1625 0.03828125 0.0109375
0 0.48359375 0.13359375 0.03203125 0.01171875
0 0.54375 0.125 0.03515625 0.00859375