0 0.38359375 0.309375 0.04375 0.025
0 0.42890625 0.37890625 0.05390625 0.0234375
0 0.425 0.340625 0.05703125 0.01640625
0 0.67578125 0.353125 0.04765625 0.03359375
0 0.2984375 0.428125 0.05390625 0.03203125
0 0.53046875 0.453125 0.0328125 0.01796875
0 0.1984375 0.57734375 0.0390625 0.025
0 0.44296875 0.60625 0.03515625 0.0171875
0 0.5203125 0.56953125 0.03515625 0.01875
0 0.478125 0.61796875 0.0296875 0.02109375
0 0.184375 0.64609375 0.03828125 0.01640625
0 0.25546875 0.68203125 0.0421875 0.0203125
0 0.55703125 0.63125 0.0421875 0.01484375
0 0.715625 0.58671875 0.03125 0.0203125
0 0.621875 0.60078125 0.053125 0.0171875
0 0.70234375 0.6484375 0.0375 0.0234375
0 0.63671875 0.73203125 0.03359375 0.0234375
0 0.66953125 0.7078125 0.05546875 0.0203125
0 0.69296875 0.77265625 0.04375 0.0171875
0 0.40078125 0.82578125 0.0625 0.021875
0 0.74765625 0.7140625 0.05 0.0140625
0 0.7796875 0.734375 0.04296875 0.0140625
0 0.7125 0.8296875 0.0390625 0.0171875
0 0.7578125 0.80078125 0.04609375 0.01640625
0 0.8109375 0.76796875 0.0296875 0.02109375
0 0.82109375 0.75546875 0.03203125 0.01640625
0 0.7984375 0.82265625 0.04453125 0.01640625
0 0.80703125 0.80703125 0.02734375 0.015625
0 0.746875 0.69609375 0.03125 0.01875
0 0.8 0.59375 0.03515625 0.01484375
0 0.69296875 0.928125 0.04609375 0.01875
0 0.60859375 0.94765625 0.06171875 0.01328125
0 0.8453125 0.91328125 0.0328125 0.01796875
0 0.8453125 0.89375 0.0296875 0.01875
0 0.7515625 0.65625 0.0390625 0.0125