0 0.70078125 0.7875 0.0515625 0.0203125
0 0.65859375 0.93203125 0.0484375 0.01953125
0 0.35390625 0.7703125 0.03046875 0.01796875
0 0.57421875 0.63359375 0.04296875 0.01328125
0 0.62578125 0.62890625 0.04453125 0.01953125
0 0.6359375 0.6140625 0.03828125 0.01484375
0 0.63359375 0.59921875 0.046875 0.01171875
0 0.25390625 0.62578125 0.03984375 0.0140625
0 0.50546875 0.54140625 0.025 0.0140625
0 0.509375 0.5296875 0.0421875 0.0203125
0 0.26796875 0.5265625 0.02890625 0.02265625
0 0.53203125 0.43203125 0.03359375 0.01953125
0 0.45234375 0.39140625 0.04453125 0.021875
0 0.7125 0.40234375 0.03515625 0.025
0 0.765625 0.403125 0.0390625 0.021875
0 0.85390625 0.50234375 0.01875 0.0171875