0 0.35234375 0.4265625 0.0578125 0.01953125
0 0.56171875 0.4859375 0.05 0.021875
0 0.4953125 0.54921875 0.0453125 0.034375
0 0.234375 0.58984375 0.05859375 0.0203125
0 0.61875 0.70546875 0.0671875 0.0328125
0 0.7 0.684375 0.04140625 0.02578125
0 0.7296875 0.51640625 0.08359375 0.03203125
0 0.73671875 0.775 0.03515625 0.01875
0 0.8015625 0.76171875 0.0421875 0.025
0 0.4546875 0.71015625 0.06875 0.02265625
0 0.75234375 0.909375 0.0703125 0.0203125
0 0.7375 0.87890625 0.0328125 0.01484375
0 0.09296875 0.26171875 0.03125 0.0140625
0 0.396875 0.86328125 0.1046875 0.01640625