0 0.5109375 0.20859375 0.06484375 0.0234375
0 0.22109375 0.32578125 0.040625 0.00859375
0 0.359375 0.45078125 0.03046875 0.025
0 0.38046875 0.52109375 0.046875 0.0203125
0 0.66015625 0.54609375 0.03359375 0.0140625
0 0.3203125 0.63359375 0.03515625 0.01328125
0 0.72421875 0.72265625 0.04375 0.0203125
0 0.3078125 0.784375 0.028125 0.015625
0 0.34453125 0.83359375 0.04609375 0.01640625
0 0.39921875 0.8296875 0.0546875 0.0078125
0 0.309375 0.89609375 0.04921875 0.01484375
0 0.378125 0.89296875 0.04453125 0.0109375
0 0.74296875 0.88671875 0.04453125 0.01484375
0 0.8578125 0.925 0.04609375 0.0140625
0 0.8890625 0.87734375 0.03984375 0.0140625
0 0.75546875 0.79375 0.03203125 0.01328125
0 0.825 0.784375 0.0515625 0.015625
0 0.28828125 0.465625 0.02421875 0.0171875
0 0.21328125 0.4140625 0.02890625 0.01875
0 0.2078125 0.3828125 0.04765625 0.01640625
0 0.20625 0.36953125 0.0328125 0.01171875