0 0.5765625 0.5109375 0.05546875 0.02265625
0 0.38203125 0.36953125 0.0453125 0.0140625
0 0.44765625 0.32109375 0.0203125 0.01484375
0 0.6671875 0.3859375 0.02890625 0.0296875
0 0.71328125 0.3953125 0.03671875 0.0375
0 0.37890625 0.62890625 0.05625 0.021875
0 0.47109375 0.68515625 0.04765625 0.01953125
0 0.39765625 0.74140625 0.04609375 0.01796875
0 0.63203125 0.69453125 0.040625 0.028125
0 0.74921875 0.7796875 0.03671875 0.0265625
0 0.71484375 0.8109375 0.04453125 0.02578125
0 0.71796875 0.61796875 0.02890625 0.01484375
0 0.575 0.89296875 0.04609375 0.02109375
0 0.346875 0.9640625 0.0265625 0.01796875
0 0.265625 0.96640625 0.06015625 0.01640625
0 0.56171875 0.3015625 0.053125 0.015625
0 0.50078125 0.24140625 0.05234375 0.02421875
0 0.5625 0.2671875 0.03515625 0.01875
0 0.6265625 0.25 0.05234375 0.025
0 0.72578125 0.178125 0.0203125 0.02421875
0 0.5484375 0.175 0.04140625 0.01484375
0 0.3265625 0.21640625 0.0484375 0.015625
0 0.51875 0.103125 0.0421875 0.01640625