0 0.8046875 0.19609375 0.06796875 0.02265625
0 0.7421875 0.3984375 0.04765625 0.0203125
0 0.678125 0.48046875 0.0453125 0.01015625
0 0.7078125 0.45703125 0.0515625 0.01875
0 0.696875 0.4328125 0.0390625 0.01328125
0 0.8171875 0.43515625 0.04296875 0.0265625
0 0.85 0.4640625 0.04296875 0.01484375
0 0.62421875 0.52109375 0.06484375 0.01796875
0 0.6 0.47734375 0.065625 0.021875
0 0.76953125 0.49296875 0.05625 0.02109375
0 0.7109375 0.63046875 0.03828125 0.015625
0 0.69921875 0.7828125 0.0515625 0.02578125
0 0.475 0.58828125 0.03046875 0.01640625
0 0.81640625 0.5609375 0.04140625 0.0171875
0 0.55625 0.3828125 0.05 0.015625
0 0.66328125 0.31328125 0.06640625 0.01953125