0 0.41328125 0.72421875 0.0796875 0.02421875
0 0.303125 0.6140625 0.03359375 0.01875
0 0.3203125 0.63203125 0.03046875 0.01953125
0 0.2484375 0.59140625 0.02578125 0.01484375
0 0.46796875 0.57578125 0.0453125 0.01328125
0 0.42109375 0.5359375 0.0453125 0.021875
0 0.446875 0.38125 0.06328125 0.01640625
0 0.42109375 0.459375 0.053125 0.025
0 0.50078125 0.41796875 0.04609375 0.03046875
0 0.48984375 0.38984375 0.0390625 0.01796875
0 0.55390625 0.3921875 0.03515625 0.0234375
0 0.24921875 0.41953125 0.053125 0.02578125
0 0.57109375 0.51015625 0.06171875 0.02890625
0 0.62109375 0.20703125 0.04296875 0.02109375
0 0.375 0.2296875 0.07578125 0.0234375
0 0.31171875 0.31015625 0.046875 0.03125
0 0.659375 0.309375 0.07109375 0.01484375
0 0.671875 0.29609375 0.0546875 0.01875
0 0.5296875 0.7671875 0.03671875 0.01953125
0 0.659375 0.4 0.0609375 0.0390625
0 0.690625 0.75546875 0.03046875 0.01875