0 0.69765625 0.05625 0.04140625 0.0125
0 0.69140625 0.09609375 0.0328125 0.01328125
0 0.7484375 0.321875 0.0609375 0.01328125
0 0.759375 0.37578125 0.02421875 0.02265625
0 0.5859375 0.375 0.05859375 0.00859375
0 0.55546875 0.4515625 0.04765625 0.01328125
0 0.49765625 0.46953125 0.0359375 0.0171875
0 0.71328125 0.490625 0.04140625 0.0203125
0 0.4953125 0.53515625 0.0359375 0.015625
0 0.6921875 0.5359375 0.02578125 0.0125
0 0.496875 0.6171875 0.046875 0.02734375
0 0.6203125 0.63359375 0.075 0.01015625
0 0.4484375 0.76796875 0.02734375 0.015625
0 0.4453125 0.86640625 0.06015625 0.01015625
0 0.67890625 0.921875 0.025 0.02578125
0 0.6375 0.94140625 0.046875 0.0078125