0 0.6265625 0.165625 0.0265625 0.015625
0 0.5625 0.2984375 0.02578125 0.01640625
0 0.71171875 0.415625 0.0265625 0.01484375
0 0.628125 0.4953125 0.03515625 0.02421875
0 0.6875 0.50859375 0.0328125 0.0171875
0 0.4140625 0.48984375 0.04296875 0.01796875
0 0.77734375 0.5828125 0.03125 0.01953125
0 0.69140625 0.59609375 0.03515625 0.0125
0 0.58125 0.63359375 0.0359375 0.028125
0 0.72265625 0.67734375 0.03984375 0.02265625
0 0.840625 0.70703125 0.02734375 0.0125
0 0.86796875 0.803125 0.0328125 0.01015625
0 0.61015625 0.98359375 0.0421875 0.0125