0 0.61953125 0.903125 0.03359375 0.0140625
0 0.62890625 0.86640625 0.0359375 0.0171875
0 0.65703125 0.85703125 0.05234375 0.02578125
0 0.41953125 0.62109375 0.03359375 0.0140625
0 0.68828125 0.565625 0.05546875 0.01796875
0 0.7640625 0.5859375 0.0359375 0.01875
0 0.7875 0.58203125 0.02109375 0.0203125
0 0.74453125 0.6265625 0.015625 0.01328125
0 0.40390625 0.4 0.05625 0.01953125
0 0.40625 0.37578125 0.05078125 0.02421875
0 0.7046875 0.33203125 0.04921875 0.01640625
0 0.7640625 0.29453125 0.0421875 0.0234375
0 0.81484375 0.19296875 0.03203125 0.01796875