0 0.590625 0.11484375 0.03359375 0.021875
0 0.58203125 0.09296875 0.0234375 0.01875
0 0.40390625 0.2234375 0.06171875 0.01640625
0 0.47265625 0.26328125 0.06015625 0.0296875
0 0.528125 0.27109375 0.03359375 0.01875
0 0.55 0.24609375 0.034375 0.0203125
0 0.67890625 0.18671875 0.0328125 0.01328125
0 0.60546875 0.28203125 0.034375 0.0203125
0 0.43203125 0.3125 0.03203125 0.01875
0 0.48671875 0.35390625 0.0359375 0.01171875
0 0.5703125 0.47578125 0.0484375 0.0265625
0 0.6828125 0.40703125 0.02734375 0.0234375
0 0.75078125 0.4265625 0.03515625 0.03203125
0 0.659375 0.55 0.0359375 0.028125
0 0.753125 0.57890625 0.03203125 0.01953125
0 0.39609375 0.603125 0.0375 0.01640625
0 0.57421875 0.7296875 0.04609375 0.03515625
0 0.43828125 0.765625 0.03671875 0.0234375
0 0.7625 0.8390625 0.04140625 0.02578125
0 0.65546875 0.8796875 0.04140625 0.01484375
0 0.64375 0.62578125 0.04296875 0.01171875
0 0.6578125 0.6171875 0.04453125 0.015625