0 0.51796875 0.7375 0.0515625 0.0171875
0 0.4828125 0.8265625 0.0390625 0.01875
0 0.7125 0.87109375 0.025 0.0125
0 0.76796875 0.89375 0.021875 0.01015625
0 0.75625 0.93515625 0.02578125 0.0140625
0 0.7953125 0.86015625 0.03984375 0.0140625
0 0.81171875 0.8140625 0.025 0.0171875
0 0.73359375 0.51328125 0.0390625 0.015625
0 0.3265625 0.49296875 0.0453125 0.0109375
0 0.453125 0.39453125 0.0375 0.0125
0 0.53203125 0.2171875 0.04140625 0.02265625
0 0.51875 0.109375 0.01875 0.0125
0 0.54921875 0.10078125 0.04375 0.01640625