0 0.4875 0.475 0.03671875 0.03515625
0 0.75078125 0.478125 0.0546875 0.01796875
0 0.83359375 0.47734375 0.0328125 0.02265625
0 0.984375 0.41875 0.03125 0.01796875
0 0.98671875 0.396875 0.0265625 0.021875
0 0.6015625 0.603125 0.05234375 0.021875
0 0.49453125 0.6953125 0.05859375 0.0265625
0 0.509375 0.775 0.0703125 0.034375
0 0.49609375 0.74921875 0.05390625 0.01953125
0 0.65078125 0.71328125 0.0390625 0.0171875
0 0.82734375 0.86328125 0.04375 0.02421875
0 0.87109375 0.80390625 0.05859375 0.0265625
0 0.93046875 0.7625 0.0421875 0.02109375