0 0.3140625 0.36953125 0.0515625 0.02421875
0 0.84609375 0.4 0.04765625 0.0203125
0 0.8125 0.60625 0.03984375 0.0203125
0 0.8640625 0.59921875 0.04296875 0.02734375
0 0.66171875 0.73671875 0.075 0.02265625
0 0.471875 0.6921875 0.08203125 0.03046875
0 0.33359375 0.68125 0.03046875 0.015625
0 0.48984375 0.59140625 0.01796875 0.00703125
0 0.50078125 0.5875 0.0265625 0.00703125
0 0.303125 0.93828125 0.03125 0.0140625
0 0.29921875 0.9234375 0.03046875 0.0109375
0 0.8453125 0.9734375 0.03671875 0.01875