0 0.1921875 0.9078125 0.0296875 0.0109375
0 0.25078125 0.9421875 0.02421875 0.01796875
0 0.2546875 0.9109375 0.02109375 0.00859375
0 0.3125 0.95078125 0.03046875 0.00390625
0 0.28984375 0.8796875 0.0328125 0.01328125
0 0.37734375 0.8046875 0.046875 0.01484375
0 0.43671875 0.8125 0.01953125 0.015625
0 0.58359375 0.8421875 0.0390625 0.0171875
0 0.6421875 0.82109375 0.04375 0.0171875
0 0.6875 0.87109375 0.02734375 0.01796875
0 0.6515625 0.928125 0.01796875 0.01953125
0 0.51796875 0.9734375 0.021875 0.0140625
0 0.64375 0.97578125 0.03046875 0.01640625
0 0.6921875 0.96015625 0.03828125 0.0078125
0 0.78046875 0.95859375 0.02578125 0.01328125
0 0.7984375 0.92578125 0.03515625 0.015625
0 0.85 0.92890625 0.01640625 0.01640625
0 0.56015625 0.72265625 0.034375 0.02109375
0 0.65703125 0.728125 0.03359375 0.01171875
0 0.73046875 0.73828125 0.0421875 0.01328125
0 0.83984375 0.784375 0.0125 0.01796875
0 0.8296875 0.8140625 0.0234375 0.009375
0 0.23671875 0.77265625 0.0390625 0.01171875
0 0.24296875 0.71953125 0.028125 0.00625
0 0.27109375 0.70625 0.034375 0.0078125
0 0.27890625 0.59296875 0.03125 0.021875
0 0.4234375 0.60234375 0.04140625 0.01875
0 0.603125 0.57265625 0.025 0.01953125
0 0.62734375 0.59140625 0.02578125 0.02421875
0 0.4703125 0.57890625 0.046875 0.0203125
0 0.684375 0.58046875 0.0375 0.01328125
0 0.84140625 0.59609375 0.028125 0.0125
0 0.83671875 0.665625 0.01796875 0.015625
0 0.83984375 0.71640625 0.02734375 0.01875
0 0.81953125 0.5390625 0.0234375 0.0140625
0 0.6328125 0.50234375 0.03125 0.01328125
0 0.26640625 0.4609375 0.0484375 0.01796875
0 0.16640625 0.4921875 0.040625 0.01875
0 0.47890625 0.378125 0.06015625 0.01796875
0 0.59609375 0.428125 0.0390625 0.0078125
0 0.5890625 0.3109375 0.015625 0.0296875
0 0.440625 0.24296875 0.025 0.0109375
0 0.73984375 0.3203125 0.0328125 0.0125
0 0.73671875 0.30703125 0.034375 0.0140625
0 0.8046875 0.26875 0.03359375 0.0203125
0 0.825 0.415625 0.01796875 0.01328125
0 0.828125 0.3890625 0.02421875 0.01484375
0 0.82734375 0.3625 0.0296875 0.01328125
0 0.646875 0.41484375 0.0296875 0.0125
0 0.6859375 0.3984375 0.03671875 0.01796875
0 0.68046875 0.19921875 0.04140625 0.01171875
0 0.39453125 0.13359375 0.015625 0.01484375
0 0.44140625 0.12734375 0.0390625 0.01328125
0 0.31328125 0.15703125 0.04765625 0.02265625
0 0.63671875 0.1140625 0.05390625 0.009375