0 0.35390625 0.9125 0.02734375 0.0265625
0 0.52578125 0.90546875 0.0609375 0.01328125
0 0.440625 0.8734375 0.03984375 0.0234375
0 0.82109375 0.859375 0.0375 0.021875
0 0.81171875 0.753125 0.04296875 0.01484375
0 0.73046875 0.684375 0.028125 0.01328125
0 0.74921875 0.58203125 0.02265625 0.021875
0 0.81171875 0.5171875 0.03359375 0.0203125
0 0.390625 0.62578125 0.0375 0.015625
0 0.45546875 0.62109375 0.034375 0.015625
0 0.30546875 0.6453125 0.04453125 0.02109375
0 0.35625 0.690625 0.04921875 0.0171875
0 0.2109375 0.6328125 0.04140625 0.015625
0 0.50859375 0.36953125 0.0359375 0.0125
0 0.51484375 0.27734375 0.0234375 0.02421875
0 0.44296875 0.23671875 0.03671875 0.01640625
0 0.74140625 0.26484375 0.03515625 0.0171875
0 0.540625 0.2078125 0.03359375 0.01796875