0 0.6140625 0.1390625 0.03125 0.01953125
0 0.53046875 0.17890625 0.0390625 0.01953125
0 0.43671875 0.21015625 0.034375 0.028125
0 0.48984375 0.20703125 0.01953125 0.01640625
0 0.49609375 0.24296875 0.028125 0.01640625
0 0.32109375 0.2328125 0.0328125 0.01796875
0 0.4375 0.325 0.02265625 0.01640625
0 0.5203125 0.35625 0.02734375 0.01796875
0 0.77265625 0.28984375 0.021875 0.0203125
0 0.77109375 0.340625 0.02578125 0.01875
0 0.70546875 0.35546875 0.03046875 0.015625
0 0.36328125 0.3734375 0.03984375 0.0140625
0 0.54140625 0.53671875 0.03671875 0.0171875
0 0.34609375 0.5953125 0.0390625 0.01796875
0 0.6015625 0.61875 0.04375 0.0171875
0 0.78203125 0.603125 0.03828125 0.01875
0 0.6578125 0.7453125 0.03828125 0.0203125
0 0.44140625 0.7828125 0.034375 0.0203125
0 0.62578125 0.80703125 0.0328125 0.02421875
0 0.4484375 0.88828125 0.03125 0.01796875
0 0.478125 0.9015625 0.0296875 0.01484375
0 0.26640625 0.96640625 0.0265625 0.0140625