0 0.446875 0.4984375 0.06171875 0.02109375
0 0.43671875 0.7203125 0.0234375 0.01953125
0 0.44453125 0.69921875 0.0484375 0.01953125
0 0.3015625 0.734375 0.05703125 0.01875
0 0.33125 0.7796875 0.05 0.02109375
0 0.40625 0.84609375 0.05703125 0.02421875
0 0.5015625 0.865625 0.06015625 0.01796875
0 0.80859375 0.87109375 0.04921875 0.0265625
0 0.81953125 0.9671875 0.05625 0.01953125
0 0.7359375 0.94375 0.046875 0.02578125
0 0.67734375 0.9859375 0.05546875 0.015625
0 0.25625 0.9171875 0.02265625 0.01640625
0 0.86875 0.8234375 0.0421875 0.02421875
0 0.725 0.7390625 0.05390625 0.025
0 0.52109375 0.45 0.0421875 0.02421875
0 0.89296875 0.4625 0.02734375 0.0234375
0 0.9171875 0.81171875 0.034375 0.02265625