0 0.53984375 0.9671875 0.065625 0.01484375
0 0.915625 0.90703125 0.04140625 0.0140625
0 0.9296875 0.8109375 0.03359375 0.01171875
0 0.76953125 0.78359375 0.03046875 0.01484375
0 0.7234375 0.7015625 0.04453125 0.01171875
0 0.759375 0.665625 0.034375 0.015625
0 0.5875 0.61875 0.08359375 0.015625
0 0.90625 0.65390625 0.04375 0.015625
0 0.8484375 0.59921875 0.0296875 0.02109375
0 0.83515625 0.50390625 0.046875 0.0078125
0 0.796875 0.46875 0.03515625 0.01640625
0 0.89453125 0.4625 0.03046875 0.0078125
0 0.71796875 0.43125 0.0453125 0.0171875
0 0.46328125 0.5046875 0.0625 0.0140625
0 0.46875 0.36953125 0.05390625 0.0171875
0 0.46015625 0.3390625 0.06328125 0.01953125