0 0.49375 0.76015625 0.02578125 0.0140625
0 0.5203125 0.76328125 0.02890625 0.0125
0 0.6375 0.86953125 0.02890625 0.01875
0 0.71328125 0.86875 0.01640625 0.01328125
0 0.79140625 0.8890625 0.01953125 0.0109375
0 0.75859375 0.8359375 0.02578125 0.01640625
0 0.77421875 0.81015625 0.034375 0.0125
0 0.61953125 0.61640625 0.02265625 0.01875
0 0.334375 0.484375 0.05078125 0.01015625
0 0.54296875 0.4078125 0.0390625 0.01640625
0 0.53828125 0.2296875 0.0375 0.01796875
0 0.478125 0.140625 0.01953125 0.01875
0 0.5375 0.09453125 0.0609375 0.01484375