0 0.74140625 0.203125 0.02734375 0.01875
0 0.7765625 0.17421875 0.02421875 0.01875
0 0.75078125 0.21796875 0.0171875 0.01484375
0 0.803125 0.21171875 0.02421875 0.0140625
0 0.8375 0.21796875 0.01953125 0.01484375
0 0.5 0.2375 0.03046875 0.01875
0 0.52734375 0.21015625 0.028125 0.0171875
0 0.45390625 0.2921875 0.03125 0.01484375
0 0.5609375 0.325 0.02265625 0.0140625
0 0.60703125 0.33515625 0.02890625 0.01796875
0 0.6203125 0.2765625 0.02578125 0.01796875
0 0.6171875 0.2453125 0.0171875 0.01640625
0 0.64453125 0.2625 0.01953125 0.01328125
0 0.671875 0.303125 0.01796875 0.01484375
0 0.6921875 0.31484375 0.02734375 0.01640625
0 0.775 0.303125 0.04296875 0.021875
0 0.81796875 0.26015625 0.021875 0.01484375
0 0.75 0.37265625 0.03046875 0.0234375
0 0.76484375 0.390625 0.02578125 0.015625
0 0.8140625 0.390625 0.02265625 0.01796875
0 0.58359375 0.3921875 0.0296875 0.01484375
0 0.59453125 0.47265625 0.025 0.0171875
0 0.64921875 0.49921875 0.0234375 0.0125
0 0.66015625 0.49375 0.02421875 0.01484375
0 0.696875 0.5 0.0234375 0.015625
0 0.7515625 0.49296875 0.02734375 0.01953125
0 0.77265625 0.4734375 0.02421875 0.01640625
0 0.778125 0.43671875 0.021875 0.02109375
0 0.571875 0.54609375 0.0296875 0.01875
0 0.5765625 0.53359375 0.025 0.01796875
0 0.503125 0.59453125 0.0203125 0.01484375
0 0.36484375 0.6296875 0.034375 0.01875
0 0.3984375 0.609375 0.046875 0.01796875
0 0.58828125 0.66484375 0.0390625 0.0265625
0 0.6265625 0.67734375 0.025 0.0203125
0 0.6515625 0.64453125 0.025 0.01328125
0 0.68515625 0.6375 0.02109375 0.01953125
0 0.72734375 0.6609375 0.02109375 0.01640625
0 0.62734375 0.715625 0.0328125 0.01484375
0 0.6890625 0.70859375 0.01796875 0.015625
0 0.76015625 0.7046875 0.0234375 0.0203125
0 0.53671875 0.83125 0.0390625 0.01875
0 0.55859375 0.85390625 0.02890625 0.01953125
0 0.57890625 0.86875 0.03046875 0.01875
0 0.790625 0.91796875 0.028125 0.02890625
0 0.83203125 0.7625 0.0328125 0.0203125
0 0.753125 0.61328125 0.0328125 0.02578125
0 0.80625 0.59765625 0.0328125 0.01640625