0 0.30859375 0.365625 0.0765625 0.025
0 0.846875 0.40078125 0.05390625 0.0265625
0 0.79765625 0.58125 0.03828125 0.0328125
0 0.84453125 0.58828125 0.05625 0.0390625
0 0.640625 0.72734375 0.05078125 0.0359375
0 0.4859375 0.6984375 0.0984375 0.02734375
0 0.2828125 0.68359375 0.04765625 0.021875
0 0.3078125 0.94140625 0.0609375 0.01484375
0 0.29921875 0.925 0.02734375 0.01875
0 0.88984375 0.92421875 0.04609375 0.028125
0 0.865625 0.98359375 0.04453125 0.0140625
0 0.4578125 0.5828125 0.02578125 0.01953125
0 0.49375 0.58828125 0.0359375 0.02265625