0 0.57890625 0.89609375 0.0375 0.015625
0 0.653125 0.79375 0.0453125 0.021875
0 0.503125 0.69140625 0.0609375 0.0234375
0 0.67734375 0.7015625 0.0234375 0.01953125
0 0.67265625 0.6546875 0.04765625 0.01484375
0 0.59296875 0.6015625 0.05390625 0.02421875
0 0.6171875 0.565625 0.0296875 0.028125
0 0.5 0.53359375 0.0453125 0.0171875
0 0.684375 0.54296875 0.06953125 0.01171875
0 0.85 0.52421875 0.0296875 0.0171875
0 0.73359375 0.4640625 0.05390625 0.01328125
0 0.446875 0.47578125 0.0375 0.01015625
0 0.46640625 0.459375 0.03125 0.0140625
0 0.45 0.35625 0.021875 0.02890625
0 0.49140625 0.38359375 0.05 0.02421875