0 0.75546875 0.99453125 0.028125 0.01015625
0 0.834375 0.88828125 0.02421875 0.01328125
0 0.77734375 0.775 0.03125 0.0125
0 0.7390625 0.75234375 0.02734375 0.01875
0 0.76640625 0.734375 0.03046875 0.0203125
0 0.46328125 0.68203125 0.02734375 0.009375
0 0.45703125 0.64453125 0.03203125 0.01015625
0 0.6875 0.6375 0.04921875 0.0390625
0 0.73515625 0.6453125 0.015625 0.02265625
0 0.78984375 0.65390625 0.0203125 0.0265625
0 0.9 0.6015625 0.0296875 0.01484375
0 0.7640625 0.54140625 0.05625 0.0171875
0 0.64765625 0.51328125 0.053125 0.0375
0 0.865625 0.446875 0.03671875 0.0234375