0 0.43671875 0.3828125 0.03046875 0.01875
0 0.621875 0.38359375 0.0359375 0.01484375
0 0.49765625 0.4296875 0.0484375 0.01953125
0 0.62578125 0.43515625 0.04375 0.0171875
0 0.63359375 0.459375 0.03359375 0.015625
0 0.346875 0.4453125 0.04296875 0.0171875
0 0.5859375 0.50703125 0.0390625 0.01796875
0 0.60078125 0.56484375 0.025 0.01640625
0 0.63984375 0.540625 0.03203125 0.0171875
0 0.4140625 0.58671875 0.05625 0.0125
0 0.7921875 0.72265625 0.0265625 0.01953125
0 0.859375 0.7265625 0.028125 0.01875
0 0.9203125 0.73125 0.015625 0.01640625
0 0.81640625 0.79921875 0.021875 0.0203125
0 0.68984375 0.821875 0.04453125 0.02265625
0 0.70390625 0.8015625 0.0234375 0.0171875
0 0.76796875 0.846875 0.025 0.02265625
0 0.7546875 0.98515625 0.0359375 0.0234375
0 0.79609375 0.95859375 0.04296875 0.02109375
0 0.3953125 0.97265625 0.03515625 0.01484375
0 0.60234375 0.15546875 0.0515625 0.01796875