0 0.49609375 0.0953125 0.040625 0.021875
0 0.459375 0.20625 0.04765625 0.02578125
0 0.696875 0.17578125 0.02890625 0.01640625
0 0.53671875 0.17421875 0.0390625 0.0171875
0 0.31953125 0.22421875 0.0375 0.01953125
0 0.53984375 0.26640625 0.0375 0.01875
0 0.4421875 0.31640625 0.034375 0.01640625
0 0.503125 0.3234375 0.0265625 0.0234375
0 0.6875 0.3328125 0.02890625 0.0171875
0 0.6890625 0.37734375 0.0296875 0.0234375
0 0.3625 0.36875 0.0421875 0.0171875
0 0.5703125 0.51953125 0.03046875 0.0171875
0 0.75859375 0.5734375 0.021875 0.015625
0 0.79453125 0.5890625 0.01484375 0.01484375
0 0.4703125 0.634375 0.01171875 0.01015625
0 0.3828125 0.63203125 0.025 0.01640625
0 0.6375 0.7296875 0.01484375 0.009375
0 0.68125 0.7796875 0.034375 0.015625
0 0.34375 0.75234375 0.03203125 0.0171875
0 0.4828125 0.8921875 0.03125 0.0140625
0 0.353125 0.93203125 0.03359375 0.01796875
0 0.25390625 0.96328125 0.02109375 0.0125