0 0.5453125 0.8828125 0.034375 0.01328125
0 0.278125 0.9578125 0.03515625 0.0140625
0 0.48125 0.78125 0.04765625 0.01953125
0 0.5140625 0.79296875 0.03828125 0.01328125
0 0.54375 0.81953125 0.04453125 0.0203125
0 0.6734375 0.746875 0.05 0.03515625
0 0.76484375 0.79765625 0.04140625 0.02109375
0 0.7390625 0.64921875 0.040625 0.025
0 0.5515625 0.6265625 0.05546875 0.01953125
0 0.4171875 0.53125 0.04921875 0.0203125
0 0.5546875 0.409375 0.059375 0.0203125
0 0.40078125 0.3890625 0.0296875 0.02578125
0 0.56875 0.37734375 0.034375 0.01796875
0 0.42890625 0.32421875 0.0375 0.02578125
0 0.40625 0.28984375 0.04296875 0.01640625
0 0.5609375 0.27890625 0.0421875 0.01640625
0 0.7078125 0.2578125 0.040625 0.01640625
0 0.753125 0.2984375 0.03125 0.025
0 0.446875 0.21796875 0.01953125 0.01484375
0 0.4671875 0.209375 0.03671875 0.01875
0 0.70625 0.2125 0.05546875 0.02578125
0 0.50078125 0.14765625 0.03515625 0.015625