0 0.60546875 0.51015625 0.0421875 0.0109375
0 0.496875 0.58515625 0.04296875 0.01015625
0 0.69453125 0.646875 0.03046875 0.01015625
0 0.6875 0.75 0.02421875 0.02109375
0 0.82109375 0.5796875 0.046875 0.015625
0 0.80703125 0.51015625 0.040625 0.015625
0 0.6546875 0.43984375 0.03203125 0.0140625
0 0.67890625 0.4515625 0.0421875 0.009375
0 0.72578125 0.40703125 0.04296875 0.01328125
0 0.75078125 0.42109375 0.040625 0.015625
0 0.78828125 0.45546875 0.03984375 0.01796875
0 0.8109375 0.44921875 0.0390625 0.01484375
0 0.8515625 0.46953125 0.0515625 0.009375
0 0.5765625 0.4125 0.046875 0.01484375
0 0.83984375 0.3078125 0.0328125 0.0140625
0 0.88125 0.2625 0.034375 0.0125
0 0.740625 0.2015625 0.04375 0.0140625