0 0.38828125 0.9109375 0.040625 0.0171875
0 0.87265625 0.9765625 0.03125 0.0140625
0 0.78671875 0.94765625 0.040625 0.01875
0 0.64609375 0.87578125 0.0515625 0.0265625
0 0.6171875 0.85859375 0.0390625 0.0171875
0 0.4140625 0.9828125 0.02890625 0.0125
0 0.2625 0.91171875 0.0671875 0.01015625
0 0.296875 0.88515625 0.034375 0.0203125
0 0.5015625 0.840625 0.02890625 0.01328125
0 0.5125 0.81171875 0.03203125 0.01640625
0 0.3328125 0.76796875 0.0453125 0.028125
0 0.2765625 0.7375 0.06171875 0.02265625
0 0.3421875 0.68671875 0.03671875 0.02578125
0 0.815625 0.4953125 0.0421875 0.025