0 0.5765625 0.53203125 0.0375 0.01953125
0 0.628125 0.49296875 0.0453125 0.015625
0 0.61953125 0.45234375 0.03125 0.01328125
0 0.65078125 0.46015625 0.03515625 0.01796875
0 0.61640625 0.43984375 0.03828125 0.02109375
0 0.71484375 0.540625 0.0375 0.01875
0 0.70625 0.57578125 0.0265625 0.02421875
0 0.7953125 0.63046875 0.053125 0.0265625
0 0.76171875 0.7921875 0.03359375 0.01875
0 0.68984375 0.75390625 0.0515625 0.01484375
0 0.66640625 0.815625 0.04609375 0.015625
0 0.72734375 0.8703125 0.0359375 0.0140625
0 0.76015625 0.92421875 0.0546875 0.01171875
0 0.5375 0.3671875 0.06015625 0.02421875
0 0.68203125 0.1875 0.0515625 0.01796875
0 0.7765625 0.17265625 0.03125 0.0234375
0 0.34921875 0.215625 0.04375 0.02421875
0 0.2984375 0.1796875 0.05625 0.028125
0 0.44140625 0.25 0.03828125 0.0203125
0 0.484375 0.2828125 0.06015625 0.0265625
0 0.5578125 0.3265625 0.03828125 0.01484375
0 0.53125 0.3109375 0.040625 0.0171875
0 0.55 0.27890625 0.034375 0.0328125
0 0.21953125 0.1953125 0.04453125 0.01796875