0 0.78203125 0.88515625 0.0484375 0.01875
0 0.60234375 0.85234375 0.06640625 0.01875
0 0.75625 0.78984375 0.0625 0.01640625
0 0.73125 0.73359375 0.0421875 0.01484375
0 0.6953125 0.7 0.0671875 0.015625
0 0.68828125 0.67578125 0.0625 0.021875
0 0.4953125 0.70234375 0.040625 0.01484375
0 0.42578125 0.9203125 0.05234375 0.0125
0 0.22265625 0.88515625 0.05234375 0.015625
0 0.234375 0.6359375 0.0484375 0.0234375
0 0.38046875 0.43671875 0.04296875 0.01171875
0 0.36953125 0.359375 0.040625 0.02421875
0 0.46875 0.559375 0.04453125 0.01875
0 0.2609375 0.58515625 0.04609375 0.0140625
0 0.76640625 0.54765625 0.06015625 0.03203125
0 0.58828125 0.5375 0.0671875 0.0421875