0 0.60234375 0.51640625 0.053125 0.01796875
0 0.64921875 0.484375 0.05234375 0.01796875
0 0.6609375 0.45703125 0.05 0.0203125
0 0.765625 0.459375 0.04375 0.0140625
0 0.715625 0.40078125 0.04140625 0.01875
0 0.78359375 0.4421875 0.06328125 0.021875
0 0.80546875 0.55390625 0.03046875 0.03046875
0 0.71484375 0.61796875 0.028125 0.021875
0 0.47890625 0.59453125 0.05 0.01484375
0 0.49140625 0.46875 0.05078125 0.01953125
0 0.6328125 0.3140625 0.0453125 0.01640625
0 0.884375 0.1671875 0.05234375 0.021875
0 0.59609375 0.14921875 0.04609375 0.0203125
0 0.53828125 0.4421875 0.075 0.01171875
0 0.70546875 0.79140625 0.03984375 0.02109375