0 0.4453125 0.209375 0.0390625 0.0203125
0 0.45703125 0.178125 0.03984375 0.021875
0 0.5171875 0.14921875 0.04609375 0.02421875
0 0.53671875 0.23671875 0.02734375 0.025
0 0.53203125 0.55625 0.053125 0.021875
0 0.334375 0.58203125 0.0578125 0.02265625
0 0.32421875 0.6234375 0.04921875 0.021875
0 0.59609375 0.62734375 0.0296875 0.0265625
0 0.54140625 0.7390625 0.0453125 0.01796875
0 0.7109375 0.79921875 0.04375 0.021875
0 0.78203125 0.665625 0.02734375 0.02578125
0 0.81328125 0.6984375 0.02890625 0.0203125
0 0.84296875 0.7265625 0.03046875 0.01796875
0 0.53671875 0.9125 0.05625 0.02734375
0 0.35703125 0.91875 0.0515625 0.0265625