0 0.42578125 0.11796875 0.0359375 0.0171875
0 0.3765625 0.13046875 0.02734375 0.01796875
0 0.296875 0.15 0.04453125 0.02421875
0 0.4171875 0.23828125 0.03203125 0.0171875
0 0.60859375 0.1109375 0.03359375 0.0203125
0 0.65078125 0.18203125 0.03125 0.0296875
0 0.78984375 0.259375 0.03046875 0.01953125
0 0.72734375 0.29765625 0.03515625 0.021875
0 0.575 0.3046875 0.0265625 0.01796875
0 0.7921875 0.33359375 0.03125 0.01953125
0 0.45390625 0.37265625 0.02890625 0.01640625
0 0.57734375 0.421875 0.04609375 0.0203125
0 0.6484375 0.44453125 0.04453125 0.01875
0 0.25234375 0.4546875 0.03125 0.01875
0 0.1421875 0.4921875 0.03046875 0.01953125
0 0.2609375 0.584375 0.03671875 0.01875
0 0.44765625 0.60625 0.04296875 0.0109375
0 0.44375 0.59921875 0.04921875 0.00859375
0 0.55234375 0.559375 0.0359375 0.021875
0 0.60703125 0.54609375 0.0328125 0.01171875
0 0.625 0.51328125 0.0234375 0.01484375
0 0.72265625 0.52265625 0.0234375 0.015625
0 0.690625 0.5109375 0.03046875 0.0125
0 0.68828125 0.50078125 0.02265625 0.01640625
0 0.71484375 0.503125 0.02578125 0.01875
0 0.73359375 0.590625 0.034375 0.0234375
0 0.65859375 0.62578125 0.0234375 0.01953125
0 0.653125 0.68203125 0.03125 0.01875
0 0.68125 0.71640625 0.02734375 0.0171875
0 0.68984375 0.6953125 0.025 0.0203125
0 0.746875 0.73359375 0.02890625 0.01953125
0 0.56640625 0.7078125 0.03984375 0.01875
0 0.24140625 0.7109375 0.0328125 0.0125
0 0.25703125 0.69453125 0.025 0.015625
0 0.22890625 0.7625 0.028125 0.0203125
0 0.36796875 0.78828125 0.03203125 0.0203125
0 0.42734375 0.80234375 0.0296875 0.01875
0 0.59921875 0.8046875 0.03046875 0.015625
0 0.5984375 0.8484375 0.03984375 0.01875
0 0.62421875 0.834375 0.025 0.021875
0 0.7390625 0.8296875 0.03125 0.01640625
0 0.82890625 0.7578125 0.03125 0.01953125
0 0.82578125 0.7359375 0.028125 0.01875
0 0.67890625 0.89765625 0.0328125 0.01953125
0 0.703125 0.921875 0.034375 0.01640625
0 0.6546875 0.9265625 0.02421875 0.015625
0 0.7125 0.95 0.0296875 0.0140625
0 0.825 0.95703125 0.02109375 0.0140625
0 0.66875 0.99375 0.0296875 0.01171875
0 0.5109375 0.9578125 0.040625 0.0125
0 0.3203125 0.940625 0.028125 0.0171875
0 0.24609375 0.93203125 0.03203125 0.0140625
0 0.25078125 0.903125 0.02734375 0.0125
0 0.28359375 0.86953125 0.028125 0.01640625
0 0.18828125 0.8984375 0.03125 0.01796875
0 0.81015625 0.38125 0.03515625 0.015625