0 0.52109375 0.14609375 0.05625 0.02734375
0 0.4640625 0.16953125 0.07578125 0.0296875
0 0.45546875 0.20859375 0.04609375 0.02578125
0 0.5625 0.23125 0.04921875 0.0296875
0 0.33828125 0.57734375 0.078125 0.0296875
0 0.33125 0.621875 0.07734375 0.03203125
0 0.59765625 0.615625 0.04609375 0.034375
0 0.54921875 0.74140625 0.05390625 0.03359375
0 0.71953125 0.7921875 0.0515625 0.02578125
0 0.78046875 0.65703125 0.02890625 0.01796875
0 0.821875 0.6828125 0.03125 0.0234375
0 0.5453125 0.90859375 0.06796875 0.02109375
0 0.365625 0.91484375 0.06484375 0.03203125