0 0.43359375 0.115625 0.0296875 0.01171875
0 0.38515625 0.12890625 0.0328125 0.01953125
0 0.33359375 0.1375 0.0203125 0.0140625
0 0.63203125 0.10703125 0.028125 0.0109375
0 0.67421875 0.1984375 0.0359375 0.01171875
0 0.45078125 0.2515625 0.03046875 0.01640625
0 0.753125 0.25625 0.03046875 0.0125
0 0.7390625 0.296875 0.03125 0.01328125
0 0.70546875 0.33359375 0.02890625 0.01171875
0 0.5578125 0.32734375 0.03125 0.009375
0 0.4546875 0.378125 0.034375 0.0140625
0 0.60625 0.4 0.034375 0.0125
0 0.59296875 0.42734375 0.03046875 0.015625
0 0.78984375 0.41328125 0.0203125 0.01171875
0 0.8015625 0.3953125 0.0296875 0.0140625
0 0.67578125 0.48359375 0.01953125 0.02109375
0 0.76796875 0.48671875 0.01875 0.015625
0 0.70078125 0.5421875 0.01796875 0.0125
0 0.74140625 0.54140625 0.0171875 0.009375
0 0.25625 0.459375 0.03125 0.0140625
0 0.146875 0.49296875 0.02734375 0.0171875
0 0.26953125 0.58515625 0.02109375 0.0171875
0 0.39609375 0.5671875 0.01796875 0.0125
0 0.46875 0.57578125 0.0359375 0.01015625
0 0.59765625 0.59921875 0.02890625 0.021875
0 0.2421875 0.7109375 0.0421875 0.01640625
0 0.27265625 0.69296875 0.03359375 0.01953125
0 0.53359375 0.721875 0.05234375 0.01640625
0 0.646875 0.753125 0.02734375 0.01484375
0 0.6671875 0.7328125 0.03671875 0.0203125
0 0.70234375 0.71875 0.0546875 0.01328125
0 0.7109375 0.77734375 0.05859375 0.01171875
0 0.825 0.74765625 0.01484375 0.01484375
0 0.83984375 0.7515625 0.01640625 0.0125
0 0.83359375 0.64921875 0.01171875 0.0078125
0 0.8328125 0.60234375 0.0140625 0.01171875
0 0.80625 0.78359375 0.01796875 0.01171875
0 0.22734375 0.78125 0.02265625 0.01796875
0 0.371875 0.7953125 0.04921875 0.0078125
0 0.4359375 0.80390625 0.02578125 0.01171875
0 0.26640625 0.88984375 0.03515625 0.01015625
0 0.28515625 0.87109375 0.03203125 0.015625
0 0.18515625 0.90234375 0.015625 0.01484375
0 0.240625 0.9359375 0.034375 0.01875
0 0.31484375 0.934375 0.01015625 0.01171875
0 0.53125 0.95859375 0.02421875 0.01015625
0 0.6625 0.978125 0.025 0.01015625
0 0.7578125 0.93828125 0.01953125 0.00703125
0 0.83125 0.87109375 0.01328125 0.0140625
0 0.83203125 0.8203125 0.01484375 0.01015625
0 0.8421875 0.9390625 0.021875 0.009375
0 0.8296875 0.96953125 0.0171875 0.0078125