0 0.55390625 0.29921875 0.08515625 0.025
0 0.5921875 0.24296875 0.0609375 0.01640625
0 0.6390625 0.51015625 0.04921875 0.02109375
0 0.4375 0.50390625 0.0828125 0.02265625
0 0.53828125 0.4875 0.0578125 0.021875
0 0.64140625 0.640625 0.04765625 0.0203125
0 0.684375 0.6640625 0.059375 0.01640625
0 0.8453125 0.7671875 0.03828125 0.02734375
0 0.82578125 0.62734375 0.0390625 0.01484375
0 0.64765625 0.75703125 0.05859375 0.02109375
0 0.76484375 0.73515625 0.034375 0.015625
0 0.38125 0.74375 0.040625 0.02265625