0 0.759375 0.8921875 0.03828125 0.0140625
0 0.640625 0.87734375 0.0359375 0.01640625
0 0.5015625 0.86484375 0.03125 0.01171875
0 0.45 0.8265625 0.0375 0.0125
0 0.765625 0.78515625 0.04375 0.0171875
0 0.753125 0.60390625 0.028125 0.021875
0 0.86328125 0.55078125 0.0234375 0.01796875
0 0.821875 0.49609375 0.0203125 0.01171875
0 0.59296875 0.4796875 0.02421875 0.0125
0 0.27421875 0.54296875 0.02734375 0.01328125
0 0.37421875 0.41875 0.0328125 0.015625
0 0.5421875 0.415625 0.025 0.01484375
0 0.53984375 0.3546875 0.0546875 0.0171875
0 0.6765625 0.34921875 0.0421875 0.01796875
0 0.49453125 0.21171875 0.03359375 0.0203125
0 0.53671875 0.18359375 0.04921875 0.0296875
0 0.79453125 0.09375 0.04375 0.028125
0 0.91328125 0.27890625 0.0265625 0.0234375