0 0.6375 0.1796875 0.078125 0.0296875
0 0.56484375 0.3140625 0.05078125 0.01875
0 0.215625 0.29453125 0.04296875 0.02890625
0 0.353125 0.31875 0.04140625 0.02109375
0 0.18203125 0.3859375 0.0484375 0.015625
0 0.39765625 0.4125 0.03359375 0.02109375
0 0.49609375 0.440625 0.0453125 0.0203125
0 0.665625 0.43125 0.02890625 0.0171875
0 0.22890625 0.52890625 0.05 0.01875
0 0.4671875 0.55078125 0.04609375 0.0171875
0 0.63203125 0.54453125 0.034375 0.0203125
0 0.66328125 0.52890625 0.03046875 0.0203125
0 0.69453125 0.53046875 0.025 0.0203125
0 0.53203125 0.6453125 0.03203125 0.0265625
0 0.62109375 0.628125 0.04765625 0.0140625
0 0.60859375 0.58984375 0.0234375 0.0109375
0 0.63515625 0.61171875 0.0265625 0.009375
0 0.63125 0.59921875 0.03359375 0.00859375
0 0.6546875 0.57578125 0.0328125 0.01640625
0 0.68203125 0.5875 0.0421875 0.02109375
0 0.40546875 0.6625 0.0390625 0.02109375
0 0.31875 0.70546875 0.04609375 0.02421875
0 0.26171875 0.740625 0.04765625 0.01953125
0 0.4640625 0.72421875 0.03984375 0.0203125
0 0.7078125 0.71015625 0.0328125 0.01953125
0 0.340625 0.7546875 0.01796875 0.01171875
0 0.38515625 0.75078125 0.05546875 0.0203125
0 0.56875 0.83046875 0.05234375 0.02109375
0 0.453125 0.82890625 0.046875 0.01953125
0 0.321875 0.83046875 0.04375 0.02109375
0 0.7828125 0.82109375 0.0296875 0.01328125
0 0.68203125 0.7875 0.0265625 0.0140625
0 0.621875 0.6921875 0.0359375 0.015625
0 0.8015625 0.803125 0.04140625 0.01953125
0 0.74453125 0.8078125 0.0234375 0.01875
0 0.80546875 0.953125 0.02890625 0.01171875
0 0.30859375 0.965625 0.03515625 0.015625
0 0.5046875 0.77265625 0.040625 0.0140625