0 0.6484375 0.79140625 0.03671875 0.01796875
0 0.4015625 0.884375 0.0546875 0.01328125
0 0.5875 0.94453125 0.05 0.01015625
0 0.8328125 0.9328125 0.0390625 0.01171875
0 0.46640625 0.7109375 0.0328125 0.01640625
0 0.55625 0.64140625 0.0515625 0.02421875
0 0.7484375 0.62734375 0.0359375 0.01484375
0 0.50390625 0.56328125 0.053125 0.025
0 0.51328125 0.5421875 0.0515625 0.01953125
0 0.74453125 0.55 0.03515625 0.0140625
0 0.6359375 0.496875 0.059375 0.01328125
0 0.63671875 0.4859375 0.053125 0.0109375
0 0.90625 0.43046875 0.04453125 0.0078125
0 0.9140625 0.371875 0.02421875 0.01953125
0 0.9109375 0.28359375 0.0328125 0.02109375
0 0.60078125 0.171875 0.02734375 0.02421875
0 0.878125 0.115625 0.08515625 0.03046875