0 0.509375 0.1359375 0.0390625 0.01484375
0 0.53984375 0.12109375 0.04609375 0.0140625
0 0.55018785625 0.1647281125 0.5786404890625 0.15335545 0.5627605609375 0.1475664640625 0.5488503359375 0.15434080156250002 0.55018785625 0.1647281125
0 0.5595504984375 0.158555940625 0.5587479984375 0.1642764890625 0.56490058125 0.16548081718750002 0.5761357640625 0.15840540625 0.5699831625 0.15614729375 0.5595504984375 0.158555940625
0 0.87578125 0.178125 0.02265625 0.01875
0 0.51875 0.25234375 0.01875 0.0171875
0 0.73125 0.26484375 0.02421875 0.015625
0 0.54765625 0.34453125 0.03671875 0.0125
0 0.77734375 0.315625 0.0203125 0.015625
0 0.68671875 0.26328125 0.0265625 0.0140625
0 0.64375 0.36640625 0.0265625 0.01640625
0 0.55234375 0.38125 0.03359375 0.0125
0 0.70546875 0.4375 0.0359375 0.01171875
0 0.7375 0.421875 0.01953125 0.015625
0 0.90234375 0.31015625 0.0203125 0.0125
0 0.3765625 0.4421875 0.03984375 0.01484375
0 0.47265625 0.45859375 0.0390625 0.01328125
0 0.58125 0.48828125 0.03515625 0.01875
0 0.69140625 0.5140625 0.0265625 0.0140625
0 0.83203125 0.52109375 0.021875 0.0109375
0 0.90859375 0.425 0.01328125 0.01640625
0 0.634375 0.57421875 0.0140625 0.0109375
0 0.64765625 0.56640625 0.028125 0.015625
0 0.3515625 0.590625 0.04375 0.00859375
0 0.35625 0.60234375 0.02265625 0.00625
0 0.39765625 0.62421875 0.0234375 0.015625
0 0.72109375 0.621875 0.0328125 0.00859375
0 0.63203125 0.6546875 0.03046875 0.01875
0 0.85078125 0.56875 0.02890625 0.01484375
0 0.90390625 0.5828125 0.0265625 0.01796875
0 0.80625 0.6796875 0.0359375 0.0140625
0 0.79921875 0.70703125 0.03515625 0.01640625
0 0.60390625 0.70703125 0.03359375 0.01171875
0 0.52421875 0.771875 0.03984375 0.01640625
0 0.4203125 0.778125 0.0390625 0.02109375
0 0.703125 0.796875 0.0390625 0.01328125
0 0.8015625 0.78359375 0.0375 0.0140625
0 0.66015625 0.7828125 0.02734375 0.0109375
0 0.8453125 0.81171875 0.0609375 0.015625
0 0.77734375 0.86484375 0.028125 0.01484375
0 0.73046875 0.86875 0.02109375 0.01328125
0 0.67890625 0.90703125 0.03984375 0.0171875
0 0.328125 0.85 0.034375 0.0140625
0 0.26171875 0.9265625 0.02890625 0.0078125
0 0.27578125 0.91328125 0.034375 0.01640625
0 0.3578125 0.86796875 0.0203125 0.0140625
0 0.33359375 0.69140625 0.04140625 0.01640625
0 0.81875 0.95703125 0.02734375 0.01640625
0 0.85234375 0.9359375 0.03359375 0.0125
0 0.76953125 0.95703125 0.03046875 0.01328125
0 0.3 0.96171875 0.025 0.01328125
0 0.3234375 0.96015625 0.028125 0.01171875
0 0.32890625 0.99296875 0.03359375 0.00625
0 0.55546875 0.98359375 0.02421875 0.0078125
0 0.8515625 0.8625 0.02265625 0.015625
0 0.628125 0.50546875 0.0296875 0.0125
0 0.675 0.5 0.0328125 0.00859375
0 0.834375 0.33203125 0.021875 0.0109375
0 0.47734375 0.49296875 0.02421875 0.01171875
0 0.5671875 0.41796875 0.0421875 0.0203125
0 0.61875 0.43515625 0.03984375 0.009375
0 0.7765625 0.37890625 0.0453125 0.01484375
0 0.6265625 0.44453125 0.01640625 0.009375
0 0.8921875 0.5296875 0.0296875 0.021875
0 0.725 0.74609375 0.01953125 0.009375
0 0.74140625 0.740625 0.021875 0.00859375
0 0.884375 0.84609375 0.0328125 0.01484375
0 0.69296875 0.9734375 0.02421875 0.00859375
0 0.91015625 0.8640625 0.0265625 0.01171875
0 0.8609375 0.82890625 0.03046875 0.009375
0 0.90546875 0.8203125 0.02734375 0.0109375