0 0.42109375 0.296875 0.0671875 0.01484375
0 0.45 0.31875 0.04609375 0.01953125
0 0.59765625 0.40546875 0.0390625 0.0296875
0 0.703125 0.35390625 0.0421875 0.034375
0 0.75703125 0.52265625 0.0296875 0.02578125
0 0.3484375 0.56171875 0.0484375 0.02265625
0 0.48125 0.62578125 0.05546875 0.021875
0 0.325 0.665625 0.06328125 0.02109375
0 0.30703125 0.6453125 0.05625 0.0171875
0 0.346875 0.653125 0.04453125 0.0234375
0 0.17109375 0.65546875 0.046875 0.0234375
0 0.19296875 0.64375 0.0390625 0.01875
0 0.61796875 0.790625 0.040625 0.03203125
0 0.77109375 0.7703125 0.0375 0.0140625
0 0.6953125 0.73671875 0.0265625 0.021875
0 0.4203125 0.896875 0.05 0.01796875
0 0.49765625 0.871875 0.02890625 0.02734375
0 0.3640625 0.884375 0.03828125 0.01484375