0 0.265625 0.91640625 0.07109375 0.01640625
0 0.459375 0.81484375 0.05 0.0125
0 0.6546875 0.9359375 0.0421875 0.015625
0 0.72421875 0.93203125 0.0328125 0.028125
0 0.778125 0.88359375 0.05546875 0.02890625
0 0.8953125 0.96015625 0.03671875 0.01796875
0 0.3125 0.73515625 0.04921875 0.02265625
0 0.421875 0.6859375 0.03984375 0.0171875
0 0.6625 0.571875 0.0375 0.02578125
0 0.465625 0.49765625 0.0703125 0.0140625
0 0.53671875 0.40390625 0.0296875 0.01171875
0 0.88828125 0.44921875 0.01953125 0.01953125
0 0.88203125 0.5390625 0.0265625 0.02109375
0 0.8875 0.609375 0.03125 0.0140625
0 0.9015625 0.79453125 0.01640625 0.015625