0 0.6140625 0.228125 0.0421875 0.021875
0 0.5296875 0.3140625 0.0390625 0.0171875
0 0.70078125 0.4359375 0.03984375 0.01640625
0 0.39375 0.48203125 0.07109375 0.01796875
0 0.5890625 0.559375 0.04765625 0.01171875
0 0.646875 0.546875 0.046875 0.021875
0 0.571875 0.675 0.03828125 0.021875
0 0.675 0.690625 0.03984375 0.02421875
0 0.803125 0.59375 0.04921875 0.02109375
0 0.84765625 0.73046875 0.0453125 0.015625
0 0.846875 0.78984375 0.0515625 0.02265625
0 0.58515625 0.9359375 0.05234375 0.021875
0 0.6828125 0.59609375 0.034375 0.01171875