0 0.52265625 0.15234375 0.02421875 0.015625
0 0.73046875 0.21015625 0.02890625 0.01796875
0 0.46015625 0.22109375 0.03515625 0.0109375
0 0.46875 0.2125 0.025 0.0171875
0 0.54765625 0.2328125 0.02734375 0.01953125
0 0.4375 0.3265625 0.03203125 0.01796875
0 0.440625 0.31015625 0.02890625 0.01875
0 0.57734375 0.3484375 0.02578125 0.015625
0 0.625 0.35859375 0.03203125 0.01875
0 0.78359375 0.29296875 0.0203125 0.0109375
0 0.71015625 0.3671875 0.03046875 0.0234375
0 0.6125 0.41015625 0.025 0.021875
0 0.4171875 0.39140625 0.03125 0.01640625
0 0.7703125 0.53125 0.02265625 0.021875
0 0.659375 0.61484375 0.02578125 0.02265625
0 0.78984375 0.61015625 0.028125 0.0171875
0 0.8125 0.6109375 0.0328125 0.01796875
0 0.80234375 0.57734375 0.0296875 0.01875
0 0.80625 0.54921875 0.01171875 0.021875
0 0.684375 0.725 0.028125 0.02109375
0 0.6875 0.790625 0.034375 0.028125
0 0.52734375 0.8171875 0.0328125 0.01796875
0 0.26640625 0.91015625 0.053125 0.02421875
0 0.6609375 0.9609375 0.03984375 0.02109375