0 0.646875 0.1296875 0.07109375 0.03046875
0 0.2328125 0.30234375 0.08671875 0.028125
0 0.35078125 0.3125 0.05078125 0.0265625
0 0.7109375 0.3015625 0.05859375 0.034375
0 0.5453125 0.4734375 0.06640625 0.0265625
0 0.628125 0.421875 0.059375 0.0296875
0 0.45 0.421875 0.0734375 0.02265625
0 0.48828125 0.64609375 0.06171875 0.01328125
0 0.4703125 0.62734375 0.03046875 0.015625
0 0.51484375 0.60859375 0.04921875 0.025
0 0.44765625 0.5921875 0.046875 0.0171875
0 0.5234375 0.56015625 0.07109375 0.021875
0 0.51953125 0.53046875 0.06640625 0.02421875
0 0.5625 0.6796875 0.03125 0.02578125
0 0.7484375 0.534375 0.04609375 0.0328125
0 0.284375 0.4453125 0.06171875 0.01953125
0 0.184375 0.40390625 0.06015625 0.0234375
0 0.1875 0.56640625 0.065625 0.025
0 0.2296875 0.70078125 0.06171875 0.021875
0 0.2953125 0.69140625 0.0453125 0.0203125
0 0.2578125 0.73359375 0.034375 0.02109375
0 0.32265625 0.73046875 0.0375 0.0171875
0 0.3578125 0.771875 0.04765625 0.021875
0 0.453125 0.75703125 0.04375 0.015625
0 0.475 0.81875 0.03515625 0.02265625
0 0.4765625 0.7828125 0.04609375 0.02109375
0 0.52890625 0.73515625 0.04609375 0.02109375
0 0.48984375 0.890625 0.0515625 0.02578125
0 0.5953125 0.83828125 0.0375 0.0125
0 0.6203125 0.80703125 0.03828125 0.015625
0 0.56796875 0.7921875 0.0359375 0.02109375
0 0.78515625 0.80703125 0.03984375 0.021875
0 0.6453125 0.85 0.03828125 0.01953125
0 0.6703125 0.959375 0.034375 0.01640625
0 0.72265625 0.9375 0.03828125 0.015625
0 0.2328125 0.96640625 0.05 0.0203125