0 0.4890625 0.83125 0.05234375 0.0171875
0 0.578125 0.83671875 0.05078125 0.01796875
0 0.31484375 0.971875 0.05390625 0.01484375
0 0.34375 0.959375 0.0328125 0.0140625
0 0.80625 0.9625 0.0296875 0.0109375
0 0.7984375 0.82109375 0.025 0.01875
0 0.825 0.8546875 0.0375 0.0171875
0 0.83671875 0.83203125 0.046875 0.01953125
0 0.68203125 0.79453125 0.04453125 0.01875
0 0.61484375 0.7890625 0.03671875 0.0109375
0 0.61171875 0.73046875 0.03984375 0.01875
0 0.753125 0.696875 0.021875 0.015625
0 0.40390625 0.75703125 0.0625 0.0171875
0 0.39765625 0.7421875 0.02734375 0.021875
0 0.47265625 0.721875 0.0421875 0.0203125
0 0.2484375 0.74140625 0.03515625 0.0109375
0 0.27421875 0.74765625 0.0328125 0.0125
0 0.16875 0.659375 0.034375 0.0171875
0 0.35546875 0.703125 0.05390625 0.03515625
0 0.44296875 0.659375 0.0484375 0.03671875
0 0.56015625 0.65859375 0.0375 0.01875
0 0.61796875 0.61953125 0.03125 0.01953125
0 0.6390625 0.61796875 0.02265625 0.021875
0 0.66875 0.625 0.03046875 0.01875
0 0.596875 0.58828125 0.03203125 0.01171875
0 0.67109375 0.6 0.03515625 0.0171875
0 0.728125 0.59453125 0.03359375 0.0140625
0 0.6609375 0.55703125 0.0328125 0.01171875
0 0.6609375 0.5484375 0.04140625 0.01328125
0 0.71875 0.54453125 0.0625 0.00859375
0 0.42265625 0.5453125 0.046875 0.01875
0 0.27578125 0.54453125 0.04921875 0.01953125
0 0.540625 0.45625 0.0296875 0.0109375
0 0.43046875 0.4203125 0.0296875 0.0125
0 0.61484375 0.43125 0.05390625 0.01875
0 0.21171875 0.39921875 0.03203125 0.01640625
0 0.346875 0.3171875 0.05078125 0.0125
0 0.50234375 0.3265625 0.0578125 0.01953125
0 0.225 0.29140625 0.05546875 0.0140625
0 0.63203125 0.19609375 0.065625 0.0171875