0 0.79765625 0.88984375 0.03203125 0.0125
0 0.70546875 0.86484375 0.01796875 0.00859375
0 0.63125 0.859375 0.0234375 0.00859375
0 0.74609375 0.8328125 0.02265625 0.0140625
0 0.5421875 0.79140625 0.03515625 0.0125
0 0.753125 0.78359375 0.021875 0.01484375
0 0.47734375 0.73125 0.0390625 0.01171875
0 0.6125 0.63515625 0.03125 0.02578125
0 0.346875 0.4828125 0.04453125 0.01015625
0 0.58359375 0.41328125 0.05703125 0.015625
0 0.5421875 0.2296875 0.04921875 0.02265625
0 0.471875 0.1578125 0.028125 0.015625
0 0.52265625 0.0921875 0.04375 0.0140625