0 0.365625 0.1015625 0.04140625 0.0265625
0 0.42109375 0.09140625 0.05 0.02265625
0 0.27734375 0.125 0.0359375 0.02734375
0 0.640625 0.08671875 0.04375 0.0203125
0 0.6453125 0.15625 0.04609375 0.028125
0 0.3859375 0.2265625 0.03671875 0.03203125
0 0.5625 0.28203125 0.04921875 0.02578125
0 0.7140625 0.2765625 0.05234375 0.02265625
0 0.7921875 0.2328125 0.04765625 0.02421875
0 0.765625 0.3265625 0.0375 0.0234375
0 0.4375 0.35 0.0421875 0.025
0 0.57578125 0.40234375 0.03828125 0.01796875
0 0.59375 0.47578125 0.03203125 0.021875
0 0.60546875 0.4453125 0.0234375 0.01640625
0 0.6046875 0.43046875 0.03203125 0.0140625
0 0.23671875 0.4359375 0.02734375 0.021875
0 0.12734375 0.47265625 0.0265625 0.0125
0 0.253125 0.56328125 0.03203125 0.01640625
0 0.52890625 0.5078125 0.0390625 0.015625
0 0.56171875 0.50546875 0.03671875 0.01171875
0 0.64296875 0.49375 0.01875 0.0140625
0 0.66015625 0.5046875 0.0359375 0.01640625
0 0.7859375 0.5203125 0.02109375 0.0140625
0 0.78359375 0.59296875 0.03125 0.01640625
0 0.421875 0.59140625 0.03125 0.0125
0 0.43359375 0.58203125 0.0234375 0.009375
0 0.22265625 0.690625 0.025 0.01171875
0 0.24375 0.67421875 0.01953125 0.01875
0 0.1796875 0.7296875 0.025 0.01640625
0 0.35546875 0.76015625 0.028125 0.01640625
0 0.41328125 0.7828125 0.02265625 0.0171875
0 0.56328125 0.73515625 0.0296875 0.01953125
0 0.54921875 0.69609375 0.03046875 0.01484375
0 0.5640625 0.68359375 0.040625 0.01171875
0 0.6234375 0.6765625 0.03203125 0.0203125
0 0.73125 0.7171875 0.02421875 0.01875
0 0.8046875 0.69296875 0.0265625 0.01640625
0 0.765625 0.80625 0.01484375 0.0109375
0 0.77578125 0.796875 0.0390625 0.01484375
0 0.81875 0.82109375 0.01796875 0.01328125
0 0.6234375 0.80078125 0.02421875 0.0140625
0 0.55703125 0.80625 0.02421875 0.01171875
0 0.60390625 0.8421875 0.01015625 0.015625
0 0.63046875 0.88828125 0.0203125 0.0125
0 0.58515625 0.9015625 0.025 0.01484375
0 0.50078125 0.94296875 0.02578125 0.01640625
0 0.66171875 0.9671875 0.0234375 0.01640625
0 0.2796875 0.91015625 0.021875 0.0125
0 0.23515625 0.9125 0.03671875 0.01484375
0 0.2375 0.88125 0.0171875 0.0109375
0 0.271875 0.85 0.0328125 0.01640625
0 0.18359375 0.8765625 0.0390625 0.0203125