0 0.546875 0.1265625 0.04453125 0.0109375
0 0.49296875 0.14140625 0.0265625 0.0125
0 0.4140625 0.171875 0.03828125 0.01484375
0 0.7265625 0.178125 0.0359375 0.0140625
0 0.8890625 0.128125 0.0546875 0.0078125
0 0.91953125 0.18046875 0.03203125 0.01875
0 0.55078125 0.25 0.04453125 0.01328125
0 0.79453125 0.353125 0.04921875 0.0234375
0 0.834375 0.3546875 0.04765625 0.0234375
0 0.9296875 0.3671875 0.040625 0.01796875
0 0.91953125 0.40078125 0.03203125 0.02890625
0 0.890625 0.440625 0.0578125 0.02265625
0 0.890625 0.4171875 0.040625 0.01328125
0 0.7390625 0.40390625 0.040625 0.0125
0 0.71015625 0.42734375 0.07421875 0.01328125
0 0.62734375 0.3953125 0.03203125 0.0140625
0 0.6484375 0.39609375 0.03984375 0.02421875
0 0.56484375 0.38125 0.03828125 0.01328125
0 0.74140625 0.4375 0.02734375 0.015625
0 0.36015625 0.4640625 0.0578125 0.0203125
0 0.2484375 0.49921875 0.028125 0.01328125
0 0.35703125 0.575 0.040625 0.01171875
0 0.5203125 0.5828125 0.05078125 0.01328125
0 0.55546875 0.6265625 0.0375 0.0171875
0 0.5140625 0.6453125 0.0375 0.01328125
0 0.5671875 0.653125 0.05625 0.01171875
0 0.3453125 0.71796875 0.02890625 0.0109375
0 0.465625 0.76640625 0.0390625 0.0109375
0 0.51875 0.81015625 0.01640625 0.01171875
0 0.3796875 0.87265625 0.0234375 0.01015625
0 0.3328125 0.9 0.02578125 0.00703125
0 0.28203125 0.9015625 0.0296875 0.01484375
0 0.33515625 0.94140625 0.0390625 0.015625
0 0.44609375 0.9609375 0.0234375 0.0171875
0 0.64765625 0.88671875 0.04140625 0.01875
0 0.87421875 0.9265625 0.03046875 0.0140625
0 0.85703125 0.96875 0.02109375 0.0171875
0 0.69375 0.809375 0.034375 0.01796875
0 0.70859375 0.74921875 0.046875 0.00859375
0 0.76171875 0.71484375 0.01015625 0.01328125
0 0.7765625 0.7171875 0.015625 0.02265625
0 0.80546875 0.74140625 0.03125 0.01640625
0 0.8625 0.790625 0.021875 0.015625
0 0.86015625 0.815625 0.02734375 0.01171875
0 0.89453125 0.8328125 0.021875 0.01796875
0 0.92890625 0.85625 0.034375 0.009375
0 0.90390625 0.78515625 0.0203125 0.01328125
0 0.92421875 0.828125 0.01640625 0.0125
0 0.94140625 0.7984375 0.01328125 0.0140625
0 0.93125 0.72890625 0.021875 0.0171875
0 0.8578125 0.68515625 0.0234375 0.015625
0 0.79921875 0.62578125 0.02890625 0.01171875
0 0.70859375 0.6328125 0.0453125 0.009375
0 0.8296875 0.59296875 0.03203125 0.01484375
0 0.88515625 0.57421875 0.03515625 0.01484375
0 0.9203125 0.60078125 0.028125 0.01484375
0 0.84609375 0.54453125 0.03671875 0.01171875
0 0.928125 0.525 0.0203125 0.01640625
0 0.92890625 0.55625 0.021875 0.009375
0 0.91484375 0.4875 0.0359375 0.01328125
0 0.78125 0.47734375 0.0296875 0.01875
0 0.646875 0.5078125 0.03828125 0.01328125