0 0.44140625 0.76171875 0.04609375 0.01015625
0 0.42109375 0.87265625 0.03125 0.01328125
0 0.60859375 0.9453125 0.0515625 0.00859375
0 0.59296875 0.66171875 0.01875 0.0125
0 0.5109375 0.63125 0.0390625 0.0234375
0 0.5109375 0.5609375 0.04375 0.02734375
0 0.49765625 0.49453125 0.04921875 0.01875
0 0.56953125 0.45859375 0.04609375 0.02109375
0 0.5796875 0.39375 0.0578125 0.01875
0 0.775 0.38046875 0.0234375 0.0140625
0 0.72578125 0.50390625 0.03203125 0.01640625
0 0.67890625 0.55 0.04453125 0.00859375
0 0.7984375 0.3375 0.075 0.01171875
0 0.91328125 0.3546875 0.028125 0.01796875
0 0.70625 0.1046875 0.03984375 0.01796875
0 0.6921875 0.06015625 0.034375 0.01328125