0 0.79609375 0.90703125 0.0234375 0.01484375
0 0.71484375 0.859375 0.03671875 0.01171875
0 0.628125 0.85625 0.04609375 0.0171875
0 0.5609375 0.88984375 0.03046875 0.00859375
0 0.575 0.66328125 0.03671875 0.0140625
0 0.6765625 0.66484375 0.02265625 0.01171875
0 0.70703125 0.66875 0.0296875 0.01640625
0 0.67890625 0.696875 0.025 0.01875
0 0.72734375 0.67578125 0.02734375 0.01796875
0 0.6953125 0.71796875 0.0203125 0.01484375
0 0.37734375 0.6375 0.0203125 0.01015625
0 0.3921875 0.61484375 0.03125 0.0140625
0 0.625 0.61484375 0.0296875 0.015625
0 0.65625 0.6125 0.025 0.01796875
0 0.6921875 0.62265625 0.0234375 0.0171875
0 0.6828125 0.65078125 0.02109375 0.01171875
0 0.76484375 0.56953125 0.02578125 0.021875
0 0.603125 0.5328125 0.0140625 0.009375
0 0.515625 0.54296875 0.0484375 0.015625
0 0.63984375 0.51640625 0.02265625 0.015625
0 0.5921875 0.49609375 0.0171875 0.01015625
0 0.509375 0.47109375 0.034375 0.01171875
0 0.55 0.42890625 0.03671875 0.0171875
0 0.615625 0.4796875 0.0453125 0.01796875
0 0.68359375 0.50078125 0.03203125 0.0125
0 0.71796875 0.5125 0.03046875 0.01796875
0 0.7546875 0.48125 0.0421875 0.0171875
0 0.66796875 0.3375 0.0234375 0.009375
0 0.61953125 0.3046875 0.0453125 0.01796875