0 0.44296875 0.35390625 0.046875 0.03515625
0 0.30625 0.425 0.05625 0.01875
0 0.17578125 0.53828125 0.03984375 0.021875
0 0.428125 0.55078125 0.0390625 0.01796875
0 0.52890625 0.3578125 0.03203125 0.021875
0 0.5796875 0.365625 0.04453125 0.01796875
0 0.78515625 0.4546875 0.03046875 0.0328125
0 0.64453125 0.490625 0.06171875 0.021875
0 0.45546875 0.5125 0.0546875 0.028125
0 0.56875 0.60546875 0.05234375 0.02578125
0 0.4328125 0.60703125 0.05 0.01484375
0 0.30625 0.5984375 0.04296875 0.03203125
0 0.6890625 0.61640625 0.021875 0.025
0 0.74765625 0.64609375 0.0546875 0.02421875
0 0.74296875 0.69375 0.03125 0.02421875
0 0.42890625 0.79921875 0.078125 0.025
0 0.38828125 0.73515625 0.028125 0.01640625
0 0.8140625 0.77734375 0.05078125 0.02421875
0 0.79140625 0.340625 0.03203125 0.01796875