0 0.46015625 0.1515625 0.03125 0.01640625
0 0.63203125 0.18359375 0.03828125 0.01953125
0 0.515625 0.259375 0.05546875 0.025
0 0.590625 0.29296875 0.03984375 0.0203125
0 0.78671875 0.2578125 0.034375 0.0234375
0 0.484375 0.1265625 0.0390625 0.01640625
0 0.35546875 0.43671875 0.04609375 0.025
0 0.35859375 0.59296875 0.06875 0.0328125
0 0.53671875 0.66171875 0.034375 0.02265625
0 0.4421875 0.6734375 0.053125 0.01484375
0 0.56171875 0.6984375 0.034375 0.0203125
0 0.61875 0.5578125 0.04609375 0.01796875
0 0.74453125 0.428125 0.02890625 0.02421875
0 0.68671875 0.54765625 0.01953125 0.015625
0 0.72578125 0.553125 0.040625 0.01640625
0 0.66640625 0.528125 0.02734375 0.015625
0 0.86171875 0.75625 0.0296875 0.01796875
0 0.83046875 0.81015625 0.053125 0.01484375
0 0.88203125 0.83125 0.0328125 0.01875
0 0.34375 0.86328125 0.0140625 0.01484375
0 0.2671875 0.9046875 0.0390625 0.0109375
0 0.346875 0.92890625 0.03203125 0.01796875
0 0.78828125 0.92734375 0.0390625 0.015625
0 0.76484375 0.978125 0.03828125 0.01875
0 0.71171875 0.90546875 0.02890625 0.015625
0 0.80625 0.8640625 0.03515625 0.015625
0 0.7875 0.77578125 0.0296875 0.015625
0 0.81328125 0.67890625 0.03359375 0.01953125
0 0.92109375 0.77109375 0.02890625 0.02109375
0 0.56796875 0.78046875 0.05625 0.02109375
0 0.47734375 0.6984375 0.03984375 0.01953125
0 0.31484375 0.70859375 0.03984375 0.01875
0 0.56328125 0.49140625 0.028125 0.0140625
0 0.453125 0.50234375 0.03984375 0.015625
0 0.75 0.31796875 0.03984375 0.0203125
0 0.81328125 0.51328125 0.034375 0.0234375
0 0.73671875 0.5703125 0.02578125 0.015625
0 0.5203125 0.39296875 0.0296875 0.015625
0 0.55078125 0.36875 0.0296875 0.01640625
0 0.66484375 0.3828125 0.05 0.01875
0 0.75 0.29453125 0.028125 0.01640625
0 0.76953125 0.3 0.01796875 0.0140625
0 0.77578125 0.46015625 0.0421875 0.01640625
0 0.825 0.44375 0.0375 0.01640625
0 0.53984375 0.12578125 0.0390625 0.0125
0 0.68984375 0.95546875 0.04140625 0.02421875