0 0.4453125 0.1390625 0.04140625 0.00859375
0 0.4921875 0.125 0.028125 0.01484375
0 0.534375 0.125 0.02734375 0.015625
0 0.64375 0.1828125 0.0375 0.01875
0 0.52265625 0.2671875 0.04140625 0.0296875
0 0.596875 0.29921875 0.03203125 0.015625
0 0.66484375 0.3171875 0.02265625 0.01328125
0 0.7515625 0.35234375 0.028125 0.0125
0 0.79921875 0.31875 0.040625 0.0109375
0 0.7421875 0.296875 0.02109375 0.0109375
0 0.7796875 0.3046875 0.03359375 0.01484375
0 0.8328125 0.284375 0.04375 0.01875
0 0.54453125 0.390625 0.0359375 0.01328125
0 0.5515625 0.3734375 0.0484375 0.01328125
0 0.36015625 0.43671875 0.0453125 0.01484375
0 0.6171875 0.39375 0.0421875 0.01015625
0 0.7609375 0.43046875 0.03828125 0.01796875
0 0.8203125 0.4078125 0.0375 0.0171875
0 0.81796875 0.3875 0.02890625 0.0140625
0 0.76328125 0.446875 0.0453125 0.01171875
0 0.7890625 0.45625 0.01796875 0.0140625
0 0.86484375 0.4375 0.0203125 0.0109375
0 0.8984375 0.36171875 0.0328125 0.0203125
0 0.91640625 0.3984375 0.0171875 0.01875
0 0.9171875 0.38046875 0.0296875 0.01875
0 0.55390625 0.5109375 0.04140625 0.0203125
0 0.62109375 0.55859375 0.03671875 0.01171875
0 0.6265625 0.5265625 0.046875 0.01484375
0 0.72421875 0.5734375 0.03828125 0.01171875
0 0.709375 0.56328125 0.03359375 0.01484375
0 0.7015625 0.54921875 0.03828125 0.00546875
0 0.80078125 0.55703125 0.0203125 0.01015625
0 0.796875 0.53671875 0.03515625 0.0140625
0 0.79140625 0.50859375 0.0265625 0.01640625
0 0.46953125 0.51171875 0.04765625 0.02109375
0 0.3640625 0.596875 0.0375 0.02421875
0 0.4421875 0.6703125 0.0453125 0.02109375
0 0.31953125 0.709375 0.01953125 0.01640625
0 0.4609375 0.721875 0.03046875 0.015625
0 0.48671875 0.6984375 0.03828125 0.01953125
0 0.55703125 0.68359375 0.0515625 0.03203125
0 0.7453125 0.696875 0.03203125 0.0234375
0 0.58828125 0.6609375 0.0296875 0.015625
0 0.85546875 0.684375 0.040625 0.01328125
0 0.57890625 0.77421875 0.053125 0.01484375
0 0.74765625 0.75390625 0.03125 0.0203125
0 0.8703125 0.7453125 0.01640625 0.01484375
0 0.8359375 0.81640625 0.02578125 0.03515625
0 0.88671875 0.78203125 0.0203125 0.0125
0 0.83984375 0.85859375 0.02578125 0.0140625
0 0.8796875 0.8328125 0.0265625 0.02578125
0 0.90078125 0.83984375 0.0171875 0.01640625
0 0.76640625 0.80546875 0.02265625 0.0203125
0 0.72421875 0.871875 0.0265625 0.0203125
0 0.6375 0.82578125 0.03203125 0.015625
0 0.71484375 0.93125 0.03125 0.02421875
0 0.80234375 0.93671875 0.02890625 0.015625
0 0.83359375 0.978125 0.0421875 0.015625
0 0.43515625 0.9875 0.02109375 0.0140625
0 0.35625 0.91171875 0.02890625 0.0109375
0 0.35078125 0.8625 0.025 0.0203125
0 0.265625 0.9046875 0.0375 0.01875