0 0.5546875 0.49609375 0.0296875 0.01328125
0 0.54296875 0.47890625 0.025 0.0109375
0 0.7140625 0.45078125 0.0265625 0.0109375
0 0.759375 0.50703125 0.01875 0.0203125
0 0.83515625 0.51796875 0.0265625 0.0125
0 0.9296875 0.5 0.02421875 0.00703125
0 0.80703125 0.5609375 0.0359375 0.02109375
0 0.87578125 0.56328125 0.028125 0.01796875
0 0.93359375 0.6125 0.05234375 0.01328125
0 0.8140625 0.63203125 0.03359375 0.01015625
0 0.5046875 0.58359375 0.02265625 0.00859375
0 0.63359375 0.6671875 0.03046875 0.01484375
0 0.659375 0.65390625 0.0203125 0.01640625
0 0.94453125 0.7421875 0.02109375 0.0171875
0 0.74609375 0.83203125 0.08203125 0.0109375