0 0.27578125 0.76015625 0.0421875 0.0125
0 0.29609375 0.740625 0.05078125 0.02109375
0 0.42578125 0.7578125 0.07890625 0.0203125
0 0.36015625 0.53828125 0.04609375 0.01875
0 0.7484375 0.56015625 0.0546875 0.015625
0 0.471875 0.6515625 0.04765625 0.0171875
0 0.6546875 0.73671875 0.0328125 0.02578125
0 0.7296875 0.740625 0.0203125 0.0234375
0 0.76171875 0.78203125 0.03515625 0.015625
0 0.3734375 0.8453125 0.040625 0.0140625
0 0.434375 0.88046875 0.0375 0.02265625
0 0.5078125 0.94453125 0.02734375 0.021875
0 0.26484375 0.92265625 0.05234375 0.01328125
0 0.7421875 0.903125 0.03984375 0.01171875
0 0.665625 0.9421875 0.02890625 0.0140625
0 0.7265625 0.98671875 0.028125 0.01484375