0 0.5203125 0.871875 0.03125 0.01875
0 0.446875 0.89609375 0.02421875 0.01953125
0 0.76484375 0.9140625 0.02578125 0.0109375
0 0.77421875 0.9015625 0.02265625 0.01171875
0 0.80703125 0.90234375 0.028125 0.009375
0 0.521875 0.74453125 0.03046875 0.01640625
0 0.32734375 0.6921875 0.02578125 0.01953125
0 0.409375 0.6171875 0.03828125 0.01015625
0 0.4078125 0.60078125 0.0375 0.01484375
0 0.5234375 0.66796875 0.0265625 0.01015625
0 0.53203125 0.65 0.03515625 0.00859375
0 0.6875 0.6640625 0.025 0.01015625
0 0.71875 0.6734375 0.02890625 0.00546875
0 0.63125 0.70390625 0.03359375 0.01171875
0 0.69375 0.7171875 0.0375 0.00703125
0 0.7359375 0.70390625 0.0234375 0.0171875
0 0.81953125 0.75078125 0.01796875 0.01171875
0 0.39140625 0.5734375 0.02265625 0.01171875
0 0.5640625 0.61796875 0.02578125 0.0125
0 0.77265625 0.62890625 0.02578125 0.01015625
0 0.7546875 0.57890625 0.021875 0.0125
0 0.75 0.54296875 0.03203125 0.00546875
0 0.68984375 0.515625 0.0265625 0.015625
0 0.671875 0.49453125 0.01640625 0.0125
0 0.77734375 0.4875 0.02421875 0.00546875
0 0.775 0.47421875 0.02890625 0.00859375
0 0.70546875 0.4375 0.01015625 0.009375
0 0.79140625 0.4484375 0.0265625 0.0109375
0 0.7578125 0.4328125 0.02109375 0.01171875
0 0.63203125 0.4015625 0.02265625 0.00625
0 0.6578125 0.38359375 0.021875 0.01328125
0 0.79140625 0.41328125 0.028125 0.01015625
0 0.58671875 0.47890625 0.01953125 0.0109375
0 0.45234375 0.2921875 0.02421875 0.01328125
0 0.36015625 0.31953125 0.02421875 0.009375
0 0.5265625 0.22890625 0.0390625 0.0078125
0 0.57421875 0.234375 0.0234375 0.01328125
0 0.60390625 0.28125 0.021875 0.01484375
0 0.61640625 0.25703125 0.02734375 0.009375
0 0.60703125 0.2453125 0.01484375 0.00859375
0 0.5734375 0.3234375 0.021875 0.01484375
0 0.6078125 0.34140625 0.0515625 0.0109375
0 0.68125 0.325 0.01953125 0.01953125
0 0.6609375 0.28125 0.015625 0.0109375
0 0.71875 0.253125 0.02109375 0.01796875
0 0.6875 0.21640625 0.025 0.0125
0 0.74296875 0.20546875 0.0359375 0.0171875
0 0.79140625 0.21015625 0.028125 0.00859375
0 0.7484375 0.27421875 0.0140625 0.01484375
0 0.77890625 0.253125 0.05546875 0.0140625
0 0.72421875 0.30859375 0.03203125 0.01171875
0 0.796875 0.3125 0.0375 0.009375
0 0.821875 0.16640625 0.0328125 0.0125
0 0.815625 0.28515625 0.03125 0.0078125
0 0.81328125 0.15078125 0.0578125 0.01171875
0 0.390625 0.1609375 0.021875 0.0078125
0 0.496875 0.14296875 0.0359375 0.0140625
0 0.39765625 0.15 0.0234375 0.00859375