0 0.37578125 0.26640625 0.034375 0.03046875
0 0.52265625 0.35703125 0.0484375 0.01796875
0 0.559375 0.515625 0.028125 0.0203125
0 0.6671875 0.48671875 0.03125 0.02421875
0 0.69296875 0.61953125 0.028125 0.01875
0 0.56640625 0.73203125 0.03359375 0.01875
0 0.34921875 0.62265625 0.04140625 0.0171875
0 0.31171875 0.59140625 0.02734375 0.02890625
0 0.2296875 0.69765625 0.03203125 0.01875
0 0.27421875 0.6875 0.03046875 0.01484375
0 0.2953125 0.6671875 0.0328125 0.01328125
0 0.18828125 0.65859375 0.0359375 0.0203125
0 0.3671875 0.8890625 0.0296875 0.02265625
0 0.425 0.875 0.02890625 0.01953125
0 0.425 0.853125 0.04609375 0.01953125
0 0.49765625 0.83984375 0.040625 0.02578125
0 0.40390625 0.91328125 0.02734375 0.02109375