0 0.75546875 0.9703125 0.053125 0.015625
0 0.67890625 0.90859375 0.0453125 0.0203125
0 0.7484375 0.90625 0.03359375 0.0203125
0 0.52734375 0.91171875 0.028125 0.0125
0 0.55703125 0.91171875 0.0359375 0.01640625
0 0.41015625 0.890625 0.06171875 0.02109375
0 0.3625 0.884375 0.03046875 0.0125
0 0.26484375 0.91875 0.04140625 0.015625
0 0.5453125 0.84609375 0.03515625 0.0234375
0 0.55859375 0.865625 0.02265625 0.0171875
0 0.64921875 0.83984375 0.0328125 0.0171875
0 0.5625 0.815625 0.021875 0.01640625
0 0.3921875 0.7609375 0.046875 0.01796875
0 0.29375 0.73828125 0.05390625 0.0203125
0 0.24140625 0.77890625 0.0234375 0.02890625
0 0.50859375 0.721875 0.03125 0.021875
0 0.33359375 0.5546875 0.0515625 0.02421875
0 0.79921875 0.525 0.0546875 0.025