0 0.8546875 0.81171875 0.03671875 0.025
0 0.4890625 0.79375 0.05390625 0.02109375
0 0.35234375 0.8015625 0.04296875 0.01640625
0 0.5015625 0.85234375 0.05078125 0.015625
0 0.5453125 0.83671875 0.0375 0.01796875
0 0.259375 0.91328125 0.06171875 0.0125
0 0.271875 0.89609375 0.0234375 0.01640625
0 0.33515625 0.91953125 0.03671875 0.0234375
0 0.3875 0.98671875 0.03359375 0.01484375
0 0.4125 0.9828125 0.02265625 0.01953125
0 0.66875 0.91484375 0.034375 0.0171875
0 0.8703125 0.9625 0.03515625 0.0140625
0 0.84140625 0.4921875 0.0359375 0.01796875
0 0.24296875 0.6484375 0.0375 0.02265625