0 0.7015625 0.88671875 0.04609375 0.0171875
0 0.53984375 0.953125 0.05078125 0.01875
0 0.79921875 0.8328125 0.03828125 0.01953125
0 0.753125 0.7859375 0.0234375 0.01953125
0 0.73515625 0.69140625 0.0390625 0.01484375
0 0.5859375 0.653125 0.0453125 0.015625
0 0.384375 0.66484375 0.0625 0.01796875
0 0.3859375 0.50078125 0.0421875 0.021875
0 0.56796875 0.49140625 0.03671875 0.01875
0 0.7859375 0.509375 0.0328125 0.0203125
0 0.73671875 0.42734375 0.0421875 0.0109375
0 0.5328125 0.40859375 0.0578125 0.01015625
0 0.7515625 0.35703125 0.03203125 0.02265625
0 0.6078125 0.321875 0.05078125 0.01640625
0 0.64140625 0.309375 0.0484375 0.01796875
0 0.70703125 0.30703125 0.03984375 0.01484375
0 0.63359375 0.2359375 0.0265625 0.0140625
0 0.6640625 0.2453125 0.0421875 0.01328125
0 0.725 0.28828125 0.03828125 0.0125
0 0.6921875 0.234375 0.028125 0.021875
0 0.6796875 0.19140625 0.0390625 0.0125
0 0.7203125 0.09765625 0.03671875 0.01953125
0 0.746875 0.07109375 0.04296875 0.01953125
0 0.83125 0.35859375 0.015625 0.009375