0 0.7015625 0.215625 0.04453125 0.0234375
0 0.45 0.359375 0.0484375 0.03203125
0 0.53359375 0.36484375 0.0390625 0.02265625
0 0.571875 0.37265625 0.0234375 0.02109375
0 0.30078125 0.42578125 0.05546875 0.01171875
0 0.41171875 0.45 0.0328125 0.02265625
0 0.58828125 0.46953125 0.03125 0.015625
0 0.46796875 0.5046875 0.03203125 0.01953125
0 0.415625 0.5390625 0.02578125 0.0203125
0 0.22578125 0.534375 0.046875 0.02734375
0 0.80234375 0.4515625 0.02109375 0.01875
0 0.42109375 0.59765625 0.0515625 0.025
0 0.3140625 0.603125 0.04296875 0.0140625
0 0.565625 0.6125 0.05703125 0.01796875
0 0.70546875 0.615625 0.03671875 0.01796875
0 0.7609375 0.6453125 0.02890625 0.0234375
0 0.76953125 0.70234375 0.0609375 0.025
0 0.80703125 0.80390625 0.04453125 0.0171875
0 0.5078125 0.8390625 0.05 0.01640625
0 0.5921875 0.96171875 0.05390625 0.0140625
0 0.5015625 0.9671875 0.040625 0.00859375
0 0.63671875 0.68828125 0.0265625 0.01328125