0 0.33203125 0.13984375 0.0328125 0.0140625
0 0.38984375 0.1296875 0.0359375 0.01171875
0 0.43203125 0.11640625 0.028125 0.015625
0 0.634375 0.10859375 0.01875 0.01171875
0 0.440625 0.2375 0.03203125 0.01640625
0 0.6796875 0.19296875 0.040625 0.01171875
0 0.5890625 0.30703125 0.03046875 0.02890625
0 0.72109375 0.31796875 0.034375 0.0125
0 0.7421875 0.29921875 0.0328125 0.015625
0 0.809375 0.26640625 0.025 0.01640625
0 0.7140625 0.38671875 0.04140625 0.01875
0 0.63203125 0.3953125 0.02734375 0.0171875
0 0.4640625 0.371875 0.03515625 0.01796875
0 0.5921875 0.42578125 0.0234375 0.015625
0 0.27265625 0.45390625 0.0484375 0.02578125
0 0.15546875 0.49375 0.04296875 0.01328125
0 0.27734375 0.590625 0.04453125 0.03046875
0 0.39609375 0.584375 0.03984375 0.0125
0 0.46015625 0.57734375 0.0296875 0.0109375
0 0.6046875 0.575 0.015625 0.015625
0 0.6203125 0.57578125 0.01796875 0.02109375
0 0.63046875 0.49609375 0.0171875 0.01484375
0 0.753125 0.53359375 0.03203125 0.015625
0 0.73828125 0.59375 0.03203125 0.01328125
0 0.82578125 0.59453125 0.01171875 0.01171875
0 0.83359375 0.66328125 0.0140625 0.0125
0 0.82890625 0.71796875 0.015625 0.01015625
0 0.553125 0.71953125 0.0375 0.01875
0 0.64453125 0.734375 0.01875 0.015625
0 0.71640625 0.73359375 0.0390625 0.02109375
0 0.703125 0.7375 0.025 0.0125
0 0.703125 0.7953125 0.03984375 0.015625
0 0.23828125 0.715625 0.04375 0.00625
0 0.26171875 0.69921875 0.02109375 0.01171875
0 0.3625 0.8 0.05859375 0.015625
0 0.440625 0.81015625 0.0375 0.0296875
0 0.290625 0.87109375 0.02421875 0.0109375
0 0.19296875 0.90234375 0.03515625 0.015625
0 0.2546875 0.90703125 0.025 0.0171875
0 0.253125 0.9421875 0.03671875 0.01875
0 0.31953125 0.95 0.0390625 0.0109375
0 0.225 0.7828125 0.034375 0.025
0 0.52734375 0.975 0.040625 0.01640625
0 0.64140625 0.98359375 0.01875 0.015625
0 0.659375 0.89765625 0.0234375 0.01953125
0 0.571875 0.8296875 0.01484375 0.015625
0 0.715625 0.8796875 0.02890625 0.0125
0 0.7046875 0.946875 0.0265625 0.0140625
0 0.8125 0.96796875 0.04453125 0.01796875
0 0.825 0.9375 0.0375 0.015625
0 0.81953125 0.85859375 0.02421875 0.00859375