0 0.39375 0.53203125 0.02890625 0.02109375
0 0.43515625 0.7328125 0.0375 0.0171875
0 0.4359375 0.715625 0.03515625 0.02265625
0 0.3 0.74375 0.03359375 0.01796875
0 0.32890625 0.7875 0.04453125 0.01796875
0 0.3515625 0.84140625 0.06015625 0.021875
0 0.66640625 0.75703125 0.03515625 0.01484375
0 0.8984375 0.84296875 0.02109375 0.01875
0 0.4921875 0.87734375 0.0296875 0.01875
0 0.259375 0.92421875 0.0453125 0.0203125
0 0.725 0.94765625 0.05625 0.0203125
0 0.62265625 0.965625 0.02734375 0.01640625
0 0.825 0.9859375 0.0390625 0.01640625
0 0.80234375 0.88984375 0.03359375 0.01953125