0 0.846875 0.878125 0.0375 0.0125
0 0.8875 0.8296875 0.02421875 0.0140625
0 0.80390625 0.80859375 0.034375 0.021875
0 0.528125 0.7890625 0.0375 0.01171875
0 0.5671875 0.728125 0.03046875 0.015625
0 0.3265625 0.9203125 0.0625 0.01796875
0 0.8171875 0.8296875 0.0265625 0.01796875
0 0.80625 0.60703125 0.028125 0.03046875
0 0.5078125 0.596875 0.04296875 0.01796875
0 0.3828125 0.58125 0.0328125 0.015625
0 0.740625 0.55 0.0390625 0.01875
0 0.82421875 0.46640625 0.02734375 0.02421875
0 0.30625 0.36640625 0.0640625 0.01875