0 0.52890625 0.41328125 0.028125 0.01640625
0 0.45390625 0.4953125 0.04375 0.0171875
0 0.42578125 0.69296875 0.05078125 0.025
0 0.31484375 0.73515625 0.0578125 0.02734375
0 0.38671875 0.8515625 0.03046875 0.0203125
0 0.26875 0.91328125 0.06796875 0.01484375
0 0.49609375 0.89765625 0.03515625 0.01796875
0 0.59375 0.85625 0.03515625 0.02421875
0 0.69296875 0.9875 0.0375 0.025
0 0.7375 0.9609375 0.05234375 0.01640625
0 0.91640625 0.95 0.04609375 0.01640625
0 0.85859375 0.70234375 0.0328125 0.0234375
0 0.69140625 0.6359375 0.03359375 0.01328125
0 0.58671875 0.60390625 0.03203125 0.021875
0 0.89453125 0.53515625 0.025 0.01875
0 0.8984375 0.440625 0.02734375 0.025