0 0.39375 0.29609375 0.05546875 0.01875
0 0.4484375 0.31171875 0.04296875 0.028125
0 0.70234375 0.328125 0.0546875 0.0359375
0 0.60078125 0.378125 0.07265625 0.03515625
0 0.35 0.5359375 0.0921875 0.0328125
0 0.76015625 0.50234375 0.046875 0.021875
0 0.19296875 0.66328125 0.0515625 0.02109375
0 0.190625 0.64296875 0.05078125 0.0125
0 0.29765625 0.64296875 0.04921875 0.0140625
0 0.346875 0.65859375 0.05859375 0.028125
0 0.40078125 0.64453125 0.0609375 0.021875
0 0.52578125 0.640625 0.06796875 0.02265625
0 0.6984375 0.71640625 0.06328125 0.025
0 0.64453125 0.77734375 0.0453125 0.03046875
0 0.4265625 0.90078125 0.06171875 0.0296875
0 0.49765625 0.8765625 0.03046875 0.02578125
0 0.36484375 0.88359375 0.05234375 0.02890625
0 0.8046875 0.7796875 0.0375 0.0296875