0 0.47890625 0.13203125 0.05 0.02109375
0 0.53515625 0.11796875 0.0375 0.02578125
0 0.3984375 0.15859375 0.07421875 0.03203125
0 0.71328125 0.16796875 0.05625 0.02578125
0 0.8140625 0.1109375 0.05234375 0.02734375
0 0.90390625 0.16875 0.059375 0.02265625
0 0.5375 0.25390625 0.0484375 0.02734375
0 0.78671875 0.32890625 0.04921875 0.01796875
0 0.903125 0.334375 0.04140625 0.02578125
0 0.8171875 0.40390625 0.034375 0.01796875
0 0.684375 0.41796875 0.03046875 0.015625
0 0.715625 0.39765625 0.05546875 0.02265625
0 0.54453125 0.37265625 0.0375 0.0203125
0 0.61484375 0.390625 0.03515625 0.0140625
0 0.62421875 0.4015625 0.0359375 0.0140625
0 0.6484375 0.409375 0.03359375 0.015625
0 0.8453125 0.4390625 0.0359375 0.015625
0 0.89765625 0.43671875 0.02890625 0.01015625
0 0.340625 0.45703125 0.03984375 0.01640625
0 0.33515625 0.56875 0.040625 0.01953125
0 0.2328125 0.48984375 0.04765625 0.025
0 0.4921875 0.63671875 0.05703125 0.0296875
0 0.5328125 0.603125 0.03671875 0.01640625
0 0.5765625 0.5984375 0.03984375 0.02109375
0 0.33515625 0.7125 0.0453125 0.02265625
0 0.2640625 0.74609375 0.05 0.01484375
0 0.45078125 0.76484375 0.06171875 0.0203125
0 0.478125 0.80859375 0.05 0.0234375
0 0.6609375 0.6671875 0.0375 0.0171875
0 0.69453125 0.65546875 0.05078125 0.01953125
0 0.70390625 0.63203125 0.03828125 0.02421875
0 0.7453125 0.71796875 0.03359375 0.02109375
0 0.815625 0.68203125 0.0421875 0.01796875
0 0.8703125 0.6765625 0.03359375 0.01640625
0 0.80625 0.61796875 0.034375 0.025
0 0.87265625 0.61875 0.03671875 0.01796875
0 0.9015625 0.61796875 0.0375 0.01640625
0 0.89609375 0.56875 0.03671875 0.02265625
0 0.91640625 0.659375 0.0359375 0.021875
0 0.92109375 0.640625 0.03125 0.01953125
0 0.81171875 0.77421875 0.0359375 0.02578125
0 0.83203125 0.75 0.02109375 0.0234375
0 0.87578125 0.7625 0.04140625 0.025
0 0.8921875 0.80625 0.0265625 0.021875
0 0.73203125 0.8265625 0.02734375 0.01484375
0 0.75546875 0.8328125 0.03046875 0.01796875
0 0.79765625 0.84296875 0.02890625 0.02421875
0 0.771875 0.88984375 0.02421875 0.02578125
0 0.6609375 0.86484375 0.046875 0.01875
0 0.37109375 0.86953125 0.03828125 0.02578125
0 0.2734375 0.90546875 0.05 0.01796875
0 0.31484375 0.89375 0.04765625 0.0234375
0 0.3140625 0.93515625 0.04609375 0.01796875
0 0.38671875 0.9359375 0.05 0.0234375