0 0.65703125 0.94921875 0.0671875 0.01640625
0 0.5328125 0.9671875 0.03984375 0.0140625
0 0.415625 0.80625 0.06875 0.0125
0 0.771875 0.87265625 0.03984375 0.01796875
0 0.78515625 0.85 0.0390625 0.01796875
0 0.7890625 0.825 0.0390625 0.0171875
0 0.79609375 0.7515625 0.03046875 0.0140625
0 0.83359375 0.79375 0.03828125 0.01875
0 0.825 0.75703125 0.0296875 0.0234375
0 0.696875 0.70234375 0.0390625 0.0125
0 0.70625 0.690625 0.0375 0.0203125
0 0.60390625 0.66015625 0.0546875 0.01484375
0 0.67578125 0.6328125 0.03671875 0.01328125
0 0.659375 0.609375 0.0421875 0.015625
0 0.41171875 0.64453125 0.02890625 0.01875
0 0.3171875 0.64140625 0.021875 0.01796875
0 0.20234375 0.71484375 0.0296875 0.01796875
0 0.265625 0.5921875 0.0390625 0.02109375
0 0.45234375 0.5703125 0.03828125 0.0140625
0 0.571875 0.5484375 0.04609375 0.01640625
0 0.690625 0.5421875 0.03671875 0.02109375
0 0.68125 0.590625 0.04765625 0.02109375
0 0.81796875 0.715625 0.02734375 0.01640625
0 0.80625 0.54765625 0.0375 0.01640625
0 0.5578125 0.459375 0.02265625 0.01640625
0 0.34921875 0.4296875 0.05078125 0.01328125
0 0.4109375 0.33515625 0.0359375 0.02109375
0 0.48515625 0.34921875 0.03046875 0.021875
0 0.55 0.37890625 0.0296875 0.0109375
0 0.759375 0.4359375 0.05546875 0.015625
0 0.48828125 0.23515625 0.03671875 0.01484375