0 0.5984375 0.15546875 0.03671875 0.01796875
0 0.9421875 0.159375 0.0765625 0.01875
0 0.6015625 0.33046875 0.034375 0.02265625
0 0.68671875 0.40546875 0.053125 0.01640625
0 0.715625 0.459375 0.05546875 0.015625
0 0.74453125 0.44296875 0.03671875 0.01875
0 0.64609375 0.46953125 0.0453125 0.01796875
0 0.56796875 0.51640625 0.0296875 0.0125
0 0.596875 0.5046875 0.03046875 0.01796875
0 0.678125 0.59296875 0.028125 0.01171875
0 0.78046875 0.55078125 0.02578125 0.0140625
0 0.4609375 0.5921875 0.02890625 0.01484375
0 0.6546875 0.79296875 0.04375 0.0140625
0 0.75625 0.809375 0.0421875 0.0171875
0 0.5109375 0.46484375 0.03515625 0.02265625
0 0.33203125 0.48203125 0.05078125 0.0140625