0 0.690625 0.08984375 0.021875 0.01640625
0 0.5609375 0.22421875 0.03515625 0.03125
0 0.6796875 0.246875 0.0359375 0.021875
0 0.6203125 0.29296875 0.034375 0.0171875
0 0.60703125 0.27109375 0.0328125 0.02109375
0 0.53046875 0.2640625 0.0484375 0.01796875
0 0.61953125 0.29609375 0.0265625 0.01875
0 0.50859375 0.31875 0.040625 0.02109375
0 0.6 0.3359375 0.0234375 0.01796875
0 0.7265625 0.37734375 0.0296875 0.0265625
0 0.7078125 0.4140625 0.03203125 0.0140625
0 0.6640625 0.4515625 0.034375 0.0171875
0 0.5234375 0.4109375 0.05390625 0.0140625
0 0.42890625 0.50546875 0.03203125 0.0203125
0 0.52265625 0.53203125 0.03203125 0.01953125
0 0.575 0.6078125 0.03203125 0.02421875
0 0.696875 0.70546875 0.02265625 0.01796875
0 0.3703125 0.70703125 0.03203125 0.01171875
0 0.790625 0.84140625 0.04140625 0.021875
0 0.728125 0.86015625 0.0359375 0.01640625
0 0.5984375 0.9171875 0.03203125 0.01484375
0 0.53046875 0.95703125 0.03359375 0.01953125