0 0.5171875 0.15625 0.0328125 0.02265625
0 0.45625 0.2265625 0.0359375 0.015625
0 0.46484375 0.215625 0.0265625 0.0171875
0 0.78984375 0.2375 0.04609375 0.025
0 0.78203125 0.3171875 0.0265625 0.01796875
0 0.7875 0.29375 0.0328125 0.025
0 0.78125 0.36484375 0.03125 0.02421875
0 0.5359375 0.32265625 0.03359375 0.0203125
0 0.4390625 0.32734375 0.02734375 0.0234375
0 0.4265625 0.38828125 0.03203125 0.01796875
0 0.59609375 0.403125 0.03046875 0.0140625
0 0.696875 0.5453125 0.0265625 0.021875
0 0.796875 0.51328125 0.0359375 0.02734375
0 0.8015625 0.58125 0.02734375 0.02421875
0 0.71640625 0.59375 0.02578125 0.01875
0 0.62265625 0.74375 0.025 0.0171875
0 0.509375 0.81015625 0.0265625 0.02421875
0 0.2640625 0.91484375 0.02109375 0.02421875
0 0.7765625 0.81328125 0.03125 0.0203125
0 0.80703125 0.771875 0.01875 0.01875
0 0.8125 0.6859375 0.02734375 0.01796875
0 0.66171875 0.96796875 0.034375 0.02109375