0 0.48828125 0.14765625 0.028125 0.015625
0 0.49375 0.1203125 0.0390625 0.01484375
0 0.52578125 0.12734375 0.03046875 0.0140625
0 0.60234375 0.17734375 0.0296875 0.0203125
0 0.51484375 0.2546875 0.02578125 0.01953125
0 0.59140625 0.2828125 0.0296875 0.01640625
0 0.79921875 0.23359375 0.0375 0.01875
0 0.71796875 0.3234375 0.03125 0.01875
0 0.74453125 0.3015625 0.021875 0.01875
0 0.76796875 0.30390625 0.02578125 0.01875
0 0.50859375 0.38671875 0.02421875 0.0171875
0 0.55859375 0.3640625 0.03828125 0.01171875
0 0.67109375 0.3671875 0.0359375 0.01328125
0 0.70625 0.35859375 0.01953125 0.01875
0 0.61484375 0.36171875 0.03828125 0.01171875
0 0.3515625 0.4328125 0.021875 0.0171875
0 0.46328125 0.4953125 0.05234375 0.0109375
0 0.59375 0.4609375 0.03046875 0.01953125
0 0.75625 0.440625 0.0328125 0.01484375
0 0.7625 0.42421875 0.02734375 0.0125
0 0.77890625 0.4375 0.02734375 0.0109375
0 0.36953125 0.5921875 0.05234375 0.0140625
0 0.50625 0.61875 0.0375 0.01328125
0 0.44609375 0.665625 0.0484375 0.0140625
0 0.5640625 0.71484375 0.03828125 0.02109375
0 0.43671875 0.7578125 0.02265625 0.01953125
0 0.34609375 0.859375 0.0203125 0.01796875
0 0.2796875 0.9125 0.0265625 0.0109375
0 0.34609375 0.92421875 0.03046875 0.0109375
0 0.6578125 0.96484375 0.02265625 0.0171875
0 0.6953125 0.9265625 0.01640625 0.015625
0 0.690625 0.853125 0.03203125 0.01171875
0 0.54453125 0.77734375 0.03203125 0.01171875
0 0.52734375 0.6625 0.03125 0.01796875
0 0.78828125 0.6625 0.03671875 0.00859375
0 0.72421875 0.796875 0.0234375 0.01171875
0 0.82421875 0.80390625 0.03046875 0.0234375
0 0.83046875 0.7890625 0.0265625 0.0140625
0 0.75390625 0.87734375 0.02421875 0.01640625
0 0.7671875 0.91171875 0.0296875 0.01015625
0 0.88515625 0.90390625 0.02890625 0.0140625
0 0.83671875 0.9640625 0.01171875 0.0171875
0 0.86796875 0.959375 0.028125 0.02109375
0 0.8765625 0.83125 0.03125 0.01640625
0 0.90390625 0.83203125 0.02265625 0.0140625
0 0.846875 0.76875 0.025 0.0171875
0 0.92109375 0.753125 0.0265625 0.0109375
0 0.62890625 0.55859375 0.03515625 0.015625
0 0.6796875 0.58671875 0.05625 0.01015625
0 0.67734375 0.54375 0.01640625 0.01796875
0 0.7390625 0.5578125 0.025 0.015625
0 0.79375 0.57890625 0.0203125 0.0109375
0 0.71015625 0.52734375 0.02421875 0.0109375
0 0.72734375 0.53671875 0.0421875 0.01171875
0 0.84375 0.51484375 0.015625 0.0140625
0 0.81484375 0.4734375 0.0234375 0.01328125
0 0.85703125 0.47734375 0.02734375 0.015625
0 0.84140625 0.36875 0.0203125 0.01484375
0 0.89921875 0.4421875 0.02421875 0.00859375
0 0.91015625 0.38046875 0.01796875 0.01171875