0 0.6390625 0.1171875 0.0546875 0.0203125
0 0.71953125 0.1171875 0.03203125 0.01328125
0 0.66796875 0.190625 0.04140625 0.01796875
0 0.50234375 0.42109375 0.04609375 0.01875
0 0.38671875 0.43984375 0.03203125 0.01015625
0 0.56953125 0.5390625 0.021875 0.01328125
0 0.425 0.58828125 0.03671875 0.01328125
0 0.6140625 0.5578125 0.02890625 0.0234375
0 0.70859375 0.51640625 0.02734375 0.025
0 0.759375 0.47265625 0.02578125 0.02109375
0 0.68515625 0.63515625 0.02109375 0.0125
0 0.73203125 0.6078125 0.0265625 0.01640625
0 0.759375 0.62734375 0.02265625 0.01484375