0 0.48359375 0.68359375 0.05703125 0.01640625
0 0.515625 0.83828125 0.03515625 0.0125
0 0.5390625 0.8984375 0.0390625 0.02265625
0 0.3671875 0.9078125 0.0484375 0.02578125
0 0.75390625 0.69296875 0.04375 0.03671875
0 0.81484375 0.73046875 0.03515625 0.02578125
0 0.24375 0.61015625 0.040625 0.02734375
0 0.31171875 0.63359375 0.03828125 0.02890625
0 0.425 0.640625 0.03359375 0.02265625
0 0.4734375 0.58515625 0.05546875 0.021875
0 0.76640625 0.51953125 0.02734375 0.025
0 0.8171875 0.51796875 0.028125 0.021875
0 0.50859375 0.32421875 0.040625 0.02109375
0 0.4453125 0.2015625 0.0390625 0.028125
0 0.49765625 0.228125 0.05 0.0171875
0 0.5203125 0.178125 0.04765625 0.0171875
0 0.775 0.2234375 0.0484375 0.02734375