0 0.45859375 0.81640625 0.0546875 0.02890625
0 0.51328125 0.8640625 0.0421875 0.01796875
0 0.65390625 0.88203125 0.04921875 0.0171875
0 0.76171875 0.90625 0.04140625 0.01875
0 0.834375 0.82421875 0.02421875 0.0125
0 0.74921875 0.60703125 0.0328125 0.02734375
0 0.29140625 0.54609375 0.053125 0.028125
0 0.415625 0.4203125 0.04296875 0.01640625
0 0.5078125 0.3640625 0.07109375 0.01953125
0 0.5625 0.42734375 0.03515625 0.0140625
0 0.6125 0.48828125 0.028125 0.01328125
0 0.66640625 0.3546875 0.0546875 0.021875
0 0.83359375 0.50625 0.0453125 0.0234375
0 0.8359375 0.53359375 0.03984375 0.01484375
0 0.53046875 0.21328125 0.0234375 0.01796875
0 0.56953125 0.1875 0.03828125 0.02734375
0 0.765625 0.059375 0.04609375 0.0171875