0 0.3359375 0.953125 0.03828125 0.01875
0 0.54140625 0.88203125 0.0453125 0.025
0 0.69453125 0.8 0.0296875 0.02421875
0 0.78984375 0.8171875 0.034375 0.01484375
0 0.6421875 0.70625 0.04375 0.025
0 0.46171875 0.684375 0.0375 0.02890625
0 0.365625 0.7296875 0.04453125 0.0203125
0 0.3796875 0.625 0.03515625 0.02109375
0 0.59140625 0.5171875 0.04921875 0.02734375
0 0.771875 0.55234375 0.075 0.0265625
0 0.73125 0.59140625 0.03359375 0.01640625
0 0.3921875 0.365625 0.06328125 0.0171875
0 0.46015625 0.32109375 0.04140625 0.01796875
0 0.53671875 0.30234375 0.04296875 0.0125
0 0.31484375 0.21953125 0.05703125 0.01796875
0 0.4953125 0.2328125 0.04765625 0.0203125
0 0.5484375 0.2671875 0.03046875 0.01328125
0 0.67578125 0.2828125 0.053125 0.0171875
0 0.6609375 0.371875 0.01953125 0.0390625
0 0.690625 0.3859375 0.02109375 0.0328125
0 0.54453125 0.17734375 0.04140625 0.02265625
0 0.7296875 0.18046875 0.0328125 0.0125
0 0.49296875 0.09140625 0.040625 0.01640625