0 0.4859375 0.13359375 0.03828125 0.02265625
0 0.5453125 0.12421875 0.02890625 0.01484375
0 0.4546875 0.16171875 0.0328125 0.01875
0 0.71953125 0.171875 0.0265625 0.02734375
0 0.5234375 0.259375 0.0296875 0.01953125
0 0.725 0.25703125 0.0515625 0.021875
0 0.7984375 0.24453125 0.03828125 0.021875
0 0.853125 0.2390625 0.02421875 0.0171875
0 0.9140625 0.225 0.04609375 0.02265625
0 0.9125 0.29453125 0.03046875 0.0171875
0 0.90234375 0.321875 0.02578125 0.0171875
0 0.834375 0.32578125 0.0421875 0.01171875
0 0.9125 0.38203125 0.03984375 0.0125
0 0.8953125 0.36328125 0.0203125 0.02265625
0 0.9234375 0.3671875 0.03203125 0.02421875
0 0.8609375 0.41953125 0.03046875 0.01875
0 0.8640625 0.4515625 0.0265625 0.0203125
0 0.7015625 0.4171875 0.04140625 0.01875
0 0.73515625 0.3953125 0.03125 0.01171875
0 0.7546875 0.44453125 0.03984375 0.0234375
0 0.6125 0.390625 0.0375 0.02109375
0 0.6671875 0.3828125 0.02109375 0.0125
0 0.55078125 0.37890625 0.0328125 0.01640625
0 0.33203125 0.45234375 0.02578125 0.01875
0 0.24375 0.4953125 0.028125 0.0234375
0 0.353125 0.57265625 0.03828125 0.0265625
0 0.40390625 0.64921875 0.03125 0.01484375
0 0.51796875 0.60546875 0.0421875 0.0203125
0 0.55 0.64765625 0.03984375 0.021875
0 0.675 0.628125 0.028125 0.0140625
0 0.6796875 0.58203125 0.028125 0.0171875
0 0.7828125 0.5765625 0.0296875 0.01953125
0 0.815625 0.58828125 0.02265625 0.01875
0 0.8703125 0.58359375 0.0265625 0.0140625
0 0.91171875 0.56796875 0.02578125 0.0125
0 0.90703125 0.471875 0.02265625 0.01328125
0 0.80625 0.6578125 0.03671875 0.01640625
0 0.91171875 0.66015625 0.03125 0.015625
0 0.93359375 0.6796875 0.0265625 0.0125
0 0.91640625 0.7234375 0.028125 0.01640625
0 0.50078125 0.684375 0.03125 0.01796875
0 0.44609375 0.728125 0.0390625 0.02421875
0 0.34296875 0.7171875 0.02734375 0.01484375
0 0.51171875 0.7953125 0.025 0.0171875
0 0.5671875 0.8046875 0.02734375 0.02265625
0 0.76640625 0.8375 0.03125 0.01875
0 0.75546875 0.75625 0.0296875 0.01953125
0 0.73359375 0.73984375 0.0390625 0.01953125
0 0.696875 0.69609375 0.028125 0.01328125
0 0.77578125 0.709375 0.03203125 0.015625
0 0.84296875 0.72734375 0.03828125 0.0171875
0 0.9296875 0.7703125 0.0296875 0.01328125
0 0.8984375 0.80546875 0.02578125 0.0234375
0 0.25703125 0.89453125 0.02578125 0.01640625
0 0.27890625 0.896875 0.0328125 0.01328125
0 0.3546875 0.903125 0.05546875 0.01953125
0 0.35625 0.8859375 0.0328125 0.021875
0 0.44140625 0.959375 0.02578125 0.02109375
0 0.78125 0.95546875 0.03828125 0.01875
0 0.79453125 0.9109375 0.0421875 0.01796875
0 0.84140625 0.93671875 0.02734375 0.015625
0 0.896875 0.8984375 0.025 0.01640625