0 0.55234375 0.315625 0.053125 0.03515625
0 0.45625 0.4078125 0.02734375 0.02734375
0 0.44140625 0.5296875 0.0453125 0.0171875
0 0.5296875 0.55 0.04375 0.02421875
0 0.5921875 0.4765625 0.046875 0.01953125
0 0.61328125 0.4546875 0.05546875 0.02734375
0 0.68984375 0.446875 0.02265625 0.0171875
0 0.75390625 0.49609375 0.04921875 0.0234375
0 0.7859375 0.54140625 0.0453125 0.021875
0 0.65234375 0.7234375 0.06640625 0.02265625
0 0.6984375 0.79609375 0.03828125 0.025
0 0.7109375 0.76796875 0.04453125 0.02109375
0 0.56796875 0.8296875 0.04296875 0.01640625
0 0.62890625 0.80234375 0.0484375 0.01953125