0 0.51875 0.1296875 0.0296875 0.015625
0 0.58515625 0.1203125 0.034375 0.0140625
0 0.7015625 0.17109375 0.03984375 0.01015625
0 0.85234375 0.1484375 0.02265625 0.01484375
0 0.90234375 0.1828125 0.0265625 0.0125
0 0.8234375 0.2265625 0.0484375 0.02109375
0 0.62578125 0.2609375 0.034375 0.02421875
0 0.65078125 0.24609375 0.02265625 0.01640625
0 0.49375 0.2359375 0.034375 0.0125
0 0.340625 0.27109375 0.03515625 0.0140625
0 0.378125 0.31328125 0.0375 0.0125
0 0.5171875 0.28359375 0.03515625 0.01171875
0 0.4109375 0.30546875 0.05078125 0.01953125
0 0.47265625 0.328125 0.046875 0.01875
0 0.73203125 0.26796875 0.03359375 0.0125
0 0.86015625 0.33515625 0.02421875 0.0140625
0 0.48671875 0.3546875 0.025 0.0125
0 0.76328125 0.39453125 0.025 0.015625
0 0.765625 0.3671875 0.0375 0.00859375
0 0.64296875 0.39609375 0.021875 0.025
0 0.5703125 0.43046875 0.0515625 0.00859375
0 0.55703125 0.42109375 0.025 0.01953125
0 0.63203125 0.4421875 0.02890625 0.01171875
0 0.6875 0.4203125 0.04296875 0.01796875
0 0.83671875 0.45 0.03984375 0.01796875
0 0.86328125 0.42734375 0.05078125 0.00859375
0 0.67578125 0.471875 0.0375 0.0140625
0 0.73203125 0.5359375 0.01640625 0.01640625
0 0.759375 0.5140625 0.02421875 0.0203125
0 0.53203125 0.48359375 0.0453125 0.0109375
0 0.48671875 0.46640625 0.02421875 0.01171875
0 0.334375 0.45859375 0.0234375 0.01796875
0 0.3875 0.44609375 0.02265625 0.009375
0 0.25 0.42890625 0.0265625 0.028125
0 0.35234375 0.425 0.046875 0.0078125
0 0.38125 0.48359375 0.03671875 0.0140625
0 0.26015625 0.57421875 0.05390625 0.0109375
0 0.3359375 0.56328125 0.0296875 0.03203125
0 0.721875 0.5875 0.021875 0.01015625
0 0.75078125 0.60078125 0.034375 0.01328125
0 0.73984375 0.58203125 0.03046875 0.0109375
0 0.6796875 0.63671875 0.03203125 0.0109375
0 0.3015625 0.64375 0.0328125 0.02109375
0 0.440625 0.68046875 0.046875 0.0125
0 0.82890625 0.671875 0.02578125 0.01015625
0 0.52265625 0.725 0.028125 0.00859375
0 0.36328125 0.75625 0.034375 0.0140625
0 0.2546875 0.80703125 0.040625 0.02109375
0 0.4421875 0.80859375 0.0578125 0.01875
0 0.3359375 0.85625 0.06015625 0.01875
0 0.55 0.765625 0.028125 0.01953125
0 0.38828125 0.8265625 0.0484375 0.0171875
0 0.3953125 0.87734375 0.03515625 0.01328125
0 0.4109375 0.8875 0.02890625 0.015625
0 0.4984375 0.87734375 0.02734375 0.0125
0 0.56875 0.90078125 0.0484375 0.0140625
0 0.5859375 0.85625 0.034375 0.015625
0 0.61640625 0.79453125 0.03671875 0.01875
0 0.64140625 0.825 0.0359375 0.01875
0 0.68984375 0.890625 0.0328125 0.015625
0 0.6859375 0.86640625 0.02890625 0.0203125
0 0.7390625 0.8953125 0.03984375 0.01953125
0 0.81796875 0.9046875 0.0421875 0.01640625
0 0.759375 0.8890625 0.03515625 0.0140625
0 0.89765625 0.85546875 0.0359375 0.01328125
0 0.82890625 0.76796875 0.0234375 0.01015625
0 0.7421875 0.74296875 0.0453125 0.01796875
0 0.86171875 0.734375 0.025 0.01796875
0 0.9125 0.8125 0.03671875 0.015625
0 0.82890625 0.93203125 0.025 0.0125
0 0.4234375 0.946875 0.04296875 0.01328125
0 0.56171875 0.9796875 0.03671875 0.01484375
0 0.7109375 0.9953125 0.03125 0.009375
0 0.83828125 0.9875 0.02578125 0.01171875
0 0.753125 0.99609375 0.04296875 0.0078125