0 0.590625 0.875 0.0546875 0.01953125
0 0.6796875 0.75703125 0.03984375 0.0203125
0 0.69453125 0.68984375 0.034375 0.025
0 0.66640625 0.63671875 0.02734375 0.01953125
0 0.7015625 0.64375 0.02890625 0.01640625
0 0.7203125 0.54921875 0.03671875 0.02265625
0 0.61640625 0.52109375 0.02265625 0.01953125
0 0.52734375 0.52265625 0.0328125 0.01875
0 0.84453125 0.53046875 0.0375 0.015625
0 0.91875 0.540625 0.03515625 0.02578125
0 0.76953125 0.46796875 0.021875 0.01796875
0 0.7921875 0.43125 0.0359375 0.021875
0 0.7890625 0.40625 0.02265625 0.01796875
0 0.9328125 0.47265625 0.02265625 0.01171875
0 0.41328125 0.42109375 0.04296875 0.0234375