0 0.6921875 0.34296875 0.04453125 0.0140625
0 0.81328125 0.33125 0.0328125 0.01171875
0 0.62734375 0.41796875 0.028125 0.0140625
0 0.66875 0.41875 0.04375 0.01328125
0 0.6140625 0.5375 0.0359375 0.021875
0 0.8 0.50546875 0.040625 0.02109375
0 0.70625 0.65078125 0.0328125 0.0140625
0 0.7765625 0.64765625 0.03125 0.015625
0 0.715625 0.803125 0.0359375 0.01328125
0 0.7453125 0.79453125 0.0296875 0.01015625
0 0.7875 0.821875 0.02734375 0.034375
0 0.7703125 0.88046875 0.03046875 0.01796875
0 0.37734375 0.8140625 0.078125 0.01953125
0 0.91875 0.2453125 0.02734375 0.0109375