0 0.41484375 0.36484375 0.065625 0.01796875
0 0.52109375 0.4078125 0.0703125 0.028125
0 0.7453125 0.43125 0.05703125 0.01953125
0 0.728125 0.503125 0.0578125 0.03515625
0 0.8375 0.509375 0.06796875 0.0375
0 0.48203125 0.49765625 0.0578125 0.0234375
0 0.340625 0.509375 0.0375 0.02265625
0 0.509375 0.53671875 0.04765625 0.021875
0 0.61484375 0.5859375 0.05234375 0.0265625
0 0.371875 0.66015625 0.0453125 0.02734375
0 0.59375 0.62734375 0.05234375 0.02578125
0 0.653125 0.63046875 0.03515625 0.01875
0 0.6234375 0.6625 0.0515625 0.0203125
0 0.67265625 0.78828125 0.05390625 0.02421875
0 0.6046875 0.915625 0.0578125 0.021875