0 0.36328125 0.9171875 0.04921875 0.03125
0 0.54296875 0.90390625 0.0625 0.015625
0 0.5546875 0.834375 0.0546875 0.0203125
0 0.44921875 0.65390625 0.04296875 0.0171875
0 0.48828125 0.66875 0.05390625 0.021875
0 0.309375 0.63125 0.04375 0.01953125
0 0.296875 0.59765625 0.05703125 0.01640625
0 0.4703125 0.58828125 0.046875 0.0203125
0 0.75234375 0.69375 0.04375 0.02265625
0 0.809375 0.71953125 0.03671875 0.03125
0 0.8125 0.59296875 0.0359375 0.01875
0 0.7890625 0.48671875 0.02421875 0.02734375
0 0.50859375 0.303125 0.0421875 0.01875
0 0.78046875 0.21640625 0.03515625 0.0140625
0 0.45 0.2109375 0.03203125 0.02578125
0 0.52734375 0.1875 0.03125 0.0203125
0 0.48046875 0.22578125 0.05078125 0.01796875