0 0.2671875 0.91171875 0.05 0.03125
0 0.67109375 0.96328125 0.02890625 0.015625
0 0.5078125 0.80859375 0.040625 0.01953125
0 0.61328125 0.73984375 0.04765625 0.02109375
0 0.809375 0.76015625 0.02109375 0.015625
0 0.79609375 0.8640625 0.0265625 0.021875
0 0.8109375 0.70703125 0.02734375 0.015625
0 0.73828125 0.62578125 0.01796875 0.015625
0 0.7125 0.55546875 0.03828125 0.0140625
0 0.796875 0.5203125 0.025 0.02109375
0 0.5984375 0.40703125 0.02421875 0.015625
0 0.53828125 0.38046875 0.01640625 0.0109375
0 0.42421875 0.39140625 0.0375 0.01796875
0 0.44296875 0.3234375 0.02734375 0.01328125
0 0.53203125 0.32109375 0.03203125 0.01171875
0 0.7625 0.36328125 0.04609375 0.0203125
0 0.7765625 0.31953125 0.03203125 0.01328125
0 0.77734375 0.29453125 0.03046875 0.0109375
0 0.47265625 0.21796875 0.03203125 0.0203125
0 0.46171875 0.225 0.02578125 0.00859375
0 0.52734375 0.16015625 0.03359375 0.0203125
0 0.7859375 0.23203125 0.02734375 0.01796875