0 0.3234375 0.3671875 0.05 0.0171875
0 0.53515625 0.55625 0.03828125 0.015625
0 0.58515625 0.625 0.0328125 0.0125
0 0.3921875 0.68359375 0.03359375 0.0140625
0 0.428125 0.725 0.0359375 0.01484375
0 0.553125 0.69375 0.0375 0.01015625
0 0.81640625 0.70390625 0.02578125 0.01875
0 0.87734375 0.62109375 0.0265625 0.01875
0 0.75 0.84453125 0.046875 0.021875
0 0.31484375 0.92578125 0.028125 0.009375
0 0.28203125 0.9625 0.0375 0.0171875
0 0.86171875 0.97265625 0.03671875 0.01640625
0 0.8859375 0.4640625 0.0203125 0.01640625