0 0.5390625 0.11875 0.03125 0.01953125
0 0.76484375 0.1625 0.02578125 0.01484375
0 0.7375 0.20390625 0.034375 0.01796875
0 0.76953125 0.21171875 0.02578125 0.01640625
0 0.76953125 0.19375 0.0359375 0.0140625
0 0.5171875 0.19375 0.05 0.015625
0 0.55625 0.240625 0.02734375 0.01484375
0 0.58203125 0.21484375 0.0375 0.0171875
0 0.6078125 0.26328125 0.05390625 0.0078125
0 0.25703125 0.20703125 0.02578125 0.0234375
0 0.303125 0.36171875 0.040625 0.01640625
0 0.31875 0.43046875 0.0171875 0.01953125
0 0.3609375 0.4 0.03828125 0.0078125
0 0.28515625 0.4265625 0.0359375 0.01796875
0 0.46015625 0.47265625 0.0546875 0.0140625
0 0.45546875 0.459375 0.04375 0.0109375
0 0.57421875 0.41640625 0.0171875 0.0171875
0 0.67265625 0.38359375 0.01875 0.0234375
0 0.7421875 0.40078125 0.03125 0.00859375
0 0.8078125 0.353125 0.025 0.0125
0 0.83203125 0.353125 0.025 0.01171875
0 0.76875 0.39296875 0.01875 0.0140625
0 0.82890625 0.41484375 0.01875 0.01171875
0 0.7015625 0.43671875 0.03203125 0.0125
0 0.75234375 0.42421875 0.0203125 0.015625
0 0.73671875 0.46484375 0.01796875 0.01953125
0 0.6546875 0.49296875 0.02578125 0.01796875
0 0.56015625 0.4875 0.021875 0.01640625
0 0.6453125 0.53828125 0.03359375 0.01953125
0 0.67890625 0.55078125 0.0296875 0.01484375
0 0.81328125 0.58125 0.03046875 0.01171875
0 0.8421875 0.5921875 0.01328125 0.01328125
0 0.8703125 0.615625 0.01875 0.0203125
0 0.62578125 0.61171875 0.0421875 0.00859375
0 0.44921875 0.6234375 0.028125 0.01953125
0 0.56328125 0.6734375 0.03984375 0.0171875
0 0.8328125 0.703125 0.01953125 0.01171875
0 0.85390625 0.68671875 0.03203125 0.02109375
0 0.68515625 0.7703125 0.02578125 0.01484375
0 0.3609375 0.746875 0.040625 0.01015625
0 0.38125 0.78046875 0.03515625 0.0171875
0 0.26015625 0.84765625 0.02265625 0.0125
0 0.265625 0.83125 0.04296875 0.01875
0 0.2734375 0.853125 0.0265625 0.0140625
0 0.56328125 0.85234375 0.0265625 0.0171875
0 0.5875 0.8578125 0.034375 0.01171875
0 0.60546875 0.85078125 0.05078125 0.0109375
0 0.66484375 0.88125 0.04140625 0.015625
0 0.665625 0.8609375 0.03125 0.01015625
0 0.69296875 0.83515625 0.06171875 0.0203125
0 0.84375 0.8375 0.03125 0.02109375
0 0.76484375 0.8828125 0.0328125 0.0125
0 0.7765625 0.88046875 0.03046875 0.009375
0 0.81875 0.9046875 0.0421875 0.01328125
0 0.8140625 0.89453125 0.03046875 0.01328125
0 0.890625 0.915625 0.0171875 0.0140625
0 0.83984375 0.86953125 0.02578125 0.01328125
0 0.86953125 0.89453125 0.02265625 0.01015625
0 0.89765625 0.90859375 0.0203125 0.01171875
0 0.88671875 0.87421875 0.02578125 0.015625
0 0.68125 0.9671875 0.0265625 0.02109375
0 0.71953125 0.98125 0.02421875 0.01640625
0 0.7796875 0.98515625 0.034375 0.01328125
0 0.86484375 0.99609375 0.0390625 0.0078125
0 0.31328125 0.99296875 0.04140625 0.0140625
0 0.81484375 0.24921875 0.028125 0.02265625