0 0.56328125 0.12734375 0.03515625 0.025
0 0.71015625 0.16171875 0.034375 0.02421875
0 0.540625 0.17421875 0.0328125 0.02421875
0 0.5609375 0.23671875 0.0296875 0.01953125
0 0.5125 0.25703125 0.0265625 0.01640625
0 0.54375 0.26875 0.0234375 0.01484375
0 0.57734375 0.296875 0.03046875 0.02265625
0 0.4375 0.31796875 0.02890625 0.01640625
0 0.31953125 0.21640625 0.0375 0.01953125
0 0.3828125 0.365625 0.02734375 0.0171875
0 0.6640625 0.3984375 0.02421875 0.01796875
0 0.715625 0.41015625 0.01875 0.01875
0 0.56796875 0.50703125 0.03125 0.01875
0 0.371875 0.62890625 0.0203125 0.01640625
0 0.484375 0.6984375 0.03984375 0.0203125
0 0.6125 0.67734375 0.02890625 0.0171875
0 0.6734375 0.646875 0.02734375 0.01953125
0 0.73046875 0.75390625 0.0265625 0.02109375
0 0.4046875 0.75234375 0.02265625 0.01796875
0 0.70859375 0.8078125 0.03515625 0.01875
0 0.58828125 0.896875 0.04765625 0.02109375