0 0.35 0.16015625 0.03515625 0.0125
0 0.5015625 0.25234375 0.03046875 0.015625
0 0.66953125 0.165625 0.03203125 0.0171875
0 0.44140625 0.12578125 0.0484375 0.0140625
0 0.4890625 0.11875 0.040625 0.0140625
0 0.85234375 0.1671875 0.040625 0.0171875
0 0.828125 0.3171875 0.03515625 0.0140625
0 0.734375 0.32265625 0.034375 0.015625
0 0.5015625 0.36953125 0.0375 0.01328125
0 0.596875 0.40859375 0.03828125 0.0140625
0 0.5890625 0.39609375 0.04140625 0.0125
0 0.57109375 0.38671875 0.03359375 0.0125
0 0.640625 0.41484375 0.04140625 0.01171875
0 0.6625 0.39453125 0.01875 0.0140625
0 0.79375 0.4171875 0.03515625 0.01875
0 0.85859375 0.440625 0.04296875 0.0125
0 0.84375 0.4359375 0.03359375 0.015625
0 0.30625 0.45390625 0.040625 0.015625
0 0.30625 0.56640625 0.04453125 0.01796875
0 0.18828125 0.48203125 0.0375 0.0109375
0 0.46796875 0.63125 0.06953125 0.0171875
0 0.50078125 0.60234375 0.0484375 0.02109375
0 0.54375 0.58125 0.0484375 0.015625
0 0.6125 0.66015625 0.03828125 0.0078125
0 0.634375 0.64765625 0.0546875 0.01171875
0 0.65390625 0.63828125 0.0328125 0.02265625
0 0.68671875 0.6875 0.0359375 0.02421875
0 0.72734375 0.759375 0.04609375 0.01328125
0 0.8125 0.7515625 0.02265625 0.0046875
0 0.74921875 0.66484375 0.03671875 0.01328125
0 0.8359375 0.6765625 0.04453125 0.015625
0 0.81640625 0.64453125 0.03046875 0.0125
0 0.821875 0.6234375 0.0234375 0.0078125
0 0.85625 0.62734375 0.028125 0.01015625
0 0.88203125 0.6421875 0.02421875 0.0109375
0 0.875 0.6375 0.02109375 0.01015625
0 0.86171875 0.56796875 0.021875 0.015625
0 0.29765625 0.7078125 0.0453125 0.0203125
0 0.42265625 0.7546875 0.0515625 0.01796875
0 0.209375 0.73359375 0.0328125 0.0140625
0 0.2390625 0.74609375 0.034375 0.01171875
0 0.23671875 0.90078125 0.028125 0.015625
0 0.28046875 0.88671875 0.0328125 0.0125
0 0.32734375 0.86328125 0.0203125 0.0078125
0 0.284375 0.93515625 0.03046875 0.01171875
0 0.3578125 0.92109375 0.02890625 0.00625
0 0.4421875 0.803125 0.01875 0.01328125
0 0.62890625 0.865625 0.02890625 0.01171875
0 0.70078125 0.91640625 0.0296875 0.01015625
0 0.7015625 0.825 0.02109375 0.0109375
0 0.71875 0.83984375 0.03046875 0.01484375
0 0.8015625 0.84921875 0.0421875 0.0125
0 0.85390625 0.7953125 0.021875 0.0109375