0 0.525 0.2921875 0.0609375 0.0296875
0 0.6171875 0.26953125 0.0421875 0.03203125
0 0.61875 0.45234375 0.0375 0.01171875
0 0.61015625 0.43828125 0.02734375 0.01328125
0 0.57109375 0.52734375 0.04296875 0.0171875
0 0.32578125 0.5109375 0.06171875 0.0078125
0 0.65390625 0.58046875 0.02265625 0.02265625
0 0.67890625 0.671875 0.06953125 0.01875
0 0.6484375 0.88671875 0.0234375 0.015625
0 0.54140625 0.734375 0.065625 0.0203125
0 0.78515625 0.7546875 0.0296875 0.01484375
0 0.84296875 0.74140625 0.0484375 0.0140625