0 0.5171875 0.146875 0.040625 0.0234375
0 0.453125 0.21875 0.03203125 0.01328125
0 0.465625 0.2078125 0.028125 0.015625
0 0.73984375 0.20703125 0.02265625 0.0203125
0 0.7828125 0.28671875 0.0265625 0.021875
0 0.584375 0.28203125 0.03203125 0.02109375
0 0.4375 0.321875 0.04140625 0.0296875
0 0.56640625 0.34609375 0.040625 0.02265625
0 0.6578125 0.34765625 0.021875 0.01953125
0 0.7515625 0.34765625 0.03515625 0.0265625
0 0.4171875 0.38984375 0.02578125 0.01953125
0 0.653125 0.41640625 0.03203125 0.02109375
0 0.78203125 0.51328125 0.03125 0.03125
0 0.66953125 0.6015625 0.028125 0.0203125
0 0.80859375 0.62265625 0.0359375 0.0203125
0 0.790625 0.61953125 0.01640625 0.02265625
0 0.71171875 0.71015625 0.0328125 0.02109375
0 0.68515625 0.78359375 0.03125 0.02421875
0 0.51484375 0.80625 0.05 0.02578125
0 0.2734375 0.90625 0.03515625 0.01953125
0 0.66328125 0.9625 0.03046875 0.03046875