0 0.44921875 0.78046875 0.04609375 0.0140625
0 0.44609375 0.85859375 0.034375 0.01640625
0 0.6640625 0.9046875 0.0265625 0.01328125
0 0.70234375 0.934375 0.025 0.01484375
0 0.671875 0.61015625 0.05234375 0.0203125
0 0.42109375 0.58359375 0.02265625 0.021875
0 0.44921875 0.45625 0.02890625 0.015625
0 0.66875 0.47109375 0.04375 0.0140625
0 0.66796875 0.51640625 0.03671875 0.0171875
0 0.49140625 0.421875 0.01953125 0.0109375
0 0.52421875 0.434375 0.0375 0.01328125
0 0.5921875 0.36328125 0.03046875 0.01015625
0 0.76171875 0.43125 0.03828125 0.0203125
0 0.88828125 0.38046875 0.021875 0.01953125
0 0.70078125 0.26640625 0.03203125 0.009375
0 0.6640625 0.12890625 0.02265625 0.01640625
0 0.7609375 0.06875 0.02578125 0.01640625