0 0.2765625 0.91484375 0.0734375 0.01484375
0 0.34375 0.825 0.0546875 0.02109375
0 0.4375 0.85546875 0.06328125 0.01640625
0 0.5546875 0.86328125 0.05 0.01953125
0 0.3109375 0.734375 0.05078125 0.02265625
0 0.43828125 0.7078125 0.0703125 0.0265625
0 0.5296875 0.64921875 0.02578125 0.01796875
0 0.453125 0.496875 0.05078125 0.01953125
0 0.51953125 0.428125 0.02890625 0.0140625
0 0.67578125 0.7109375 0.05390625 0.0171875
0 0.82578125 0.7890625 0.03046875 0.0203125
0 0.83671875 0.9421875 0.0390625 0.01875
0 0.76953125 0.95234375 0.06796875 0.01328125
0 0.6859375 0.9859375 0.02890625 0.01953125