0 0.5109375 0.14453125 0.0296875 0.01640625
0 0.45 0.21796875 0.0421875 0.01953125
0 0.465625 0.2046875 0.025 0.01875
0 0.53828125 0.21875 0.02265625 0.0125
0 0.709375 0.20859375 0.01953125 0.015625
0 0.56328125 0.2890625 0.0234375 0.0203125
0 0.440625 0.32421875 0.034375 0.021875
0 0.4390625 0.3 0.0203125 0.01328125
0 0.578125 0.3734375 0.02421875 0.02109375
0 0.78359375 0.3015625 0.0375 0.01796875
0 0.59765625 0.39375 0.01953125 0.01484375
0 0.596875 0.41875 0.01640625 0.01953125
0 0.40625 0.3859375 0.028125 0.02265625
0 0.7015625 0.56171875 0.03125 0.021875
0 0.77421875 0.56640625 0.021875 0.01875
0 0.8015625 0.5890625 0.015625 0.01953125
0 0.7515625 0.63125 0.02421875 0.01953125
0 0.68359375 0.67734375 0.02421875 0.0171875
0 0.625 0.77890625 0.02265625 0.01640625
0 0.60625 0.81796875 0.0375 0.01953125
0 0.4453125 0.82109375 0.025 0.01640625
0 0.2921875 0.94453125 0.040625 0.0171875
0 0.703125 0.934375 0.0234375 0.01875