0 0.8515625 0.98515625 0.02109375 0.01171875
0 0.71015625 0.9921875 0.02265625 0.00859375
0 0.74453125 0.9953125 0.0453125 0.009375
0 0.409375 0.990625 0.05078125 0.00859375
0 0.24609375 0.96640625 0.0296875 0.003125
0 0.34453125 0.94921875 0.04140625 0.01640625
0 0.41796875 0.91953125 0.0421875 0.0078125
0 0.49296875 0.9359375 0.0390625 0.01484375
0 0.5359375 0.9625 0.04140625 0.01328125
0 0.56328125 0.95234375 0.02890625 0.015625
0 0.653125 0.946875 0.05234375 0.01796875
0 0.63203125 0.9171875 0.0234375 0.00859375
0 0.603125 0.88984375 0.02734375 0.02265625
0 0.48671875 0.87421875 0.028125 0.0125
0 0.68828125 0.878125 0.01796875 0.0125
0 0.7078125 0.8921875 0.03359375 0.0109375
0 0.7328125 0.89296875 0.0265625 0.01015625
0 0.753125 0.903125 0.034375 0.01796875
0 0.825 0.928125 0.03203125 0.0171875
0 0.88125 0.90625 0.02734375 0.01328125
0 0.9046875 0.84609375 0.02890625 0.01484375
0 0.621875 0.85078125 0.02265625 0.0125
0 0.51484375 0.853125 0.01796875 0.01328125
0 0.38125 0.85625 0.021875 0.01796875
0 0.425 0.8609375 0.0421875 0.0109375
0 0.259375 0.79609375 0.025 0.01328125
0 0.84765625 0.7796875 0.021875 0.0046875
0 0.77265625 0.75546875 0.02109375 0.0125
0 0.890625 0.76171875 0.02578125 0.0125
0 0.68984375 0.7984375 0.034375 0.0125
0 0.63046875 0.81796875 0.03203125 0.021875
0 0.44609375 0.803125 0.05859375 0.00625
0 0.46171875 0.82109375 0.0453125 0.02421875
0 0.40234375 0.7578125 0.03046875 0.01953125
0 0.5890625 0.75078125 0.03671875 0.0234375
0 0.5953125 0.71171875 0.03125 0.021875
0 0.86640625 0.69296875 0.02578125 0.01953125
0 0.7140625 0.65078125 0.04609375 0.015625
0 0.39609375 0.6828125 0.046875 0.01171875
0 0.315625 0.64921875 0.0328125 0.02578125
0 0.28828125 0.6015625 0.0421875 0.02734375
0 0.765625 0.61953125 0.028125 0.01015625
0 0.80078125 0.6078125 0.03359375 0.01484375
0 0.74609375 0.590625 0.0234375 0.01484375
0 0.728125 0.56171875 0.02265625 0.01328125
0 0.35390625 0.53984375 0.025 0.025
0 0.3453125 0.4609375 0.03203125 0.01171875
0 0.53359375 0.48984375 0.04765625 0.00859375
0 0.4703125 0.46484375 0.025 0.01328125
0 0.40390625 0.43828125 0.02578125 0.01875
0 0.36171875 0.42265625 0.03046875 0.01171875
0 0.46796875 0.4453125 0.0328125 0.01484375
0 0.56484375 0.434375 0.0453125 0.01015625
0 0.6734375 0.4765625 0.025 0.015625
0 0.7328125 0.475 0.04140625 0.0140625
0 0.8859375 0.4546875 0.0296875 0.01796875
0 0.90390625 0.50078125 0.0265625 0.0203125
0 0.6421875 0.4484375 0.028125 0.009375
0 0.64765625 0.4375 0.0421875 0.015625
0 0.51171875 0.3375 0.0234375 0.01328125
0 0.48046875 0.32265625 0.02734375 0.01171875
0 0.4390625 0.31328125 0.034375 0.01328125
0 0.46171875 0.2453125 0.04453125 0.01015625
0 0.5 0.1125 0.04453125 0.0140625
0 0.8515625 0.12578125 0.02734375 0.0125
0 0.69453125 0.171875 0.028125 0.0125
0 0.72890625 0.259375 0.0125 0.01796875
0 0.7703125 0.23359375 0.0390625 0.01640625
0 0.67265625 0.23984375 0.02890625 0.01015625
0 0.58671875 0.25234375 0.034375 0.01171875
0 0.45546875 0.30234375 0.02109375 0.0171875
0 0.50234375 0.303125 0.0359375 0.015625
0 0.71015625 0.29609375 0.04296875 0.021875
0 0.8375 0.31953125 0.025 0.01328125
0 0.73828125 0.37421875 0.021875 0.01953125
0 0.78828125 0.38125 0.025 0.01640625
0 0.665625 0.3859375 0.03828125 0.03203125
0 0.68203125 0.42265625 0.05 0.01796875
0 0.9078125 0.15234375 0.02578125 0.02109375
0 0.91796875 0.24609375 0.01875 0.0171875