0 0.690625 0.2765625 0.03984375 0.02734375
0 0.37109375 0.46953125 0.04296875 0.0203125
0 0.43984375 0.44140625 0.065625 0.0203125
0 0.61953125 0.46640625 0.05859375 0.02109375
0 0.7640625 0.48359375 0.04375 0.02421875
0 0.48515625 0.5140625 0.04296875 0.01953125
0 0.48828125 0.48125 0.0484375 0.0265625
0 0.590625 0.57421875 0.04296875 0.02109375
0 0.69296875 0.5921875 0.0375 0.0109375
0 0.7875 0.6 0.0375 0.02109375
0 0.58125 0.65 0.03046875 0.02890625
0 0.6 0.70859375 0.05234375 0.021875
0 0.56015625 0.78671875 0.03515625 0.03125
0 0.8734375 0.78828125 0.0546875 0.0328125
0 0.95078125 0.76328125 0.02421875 0.021875
0 0.92578125 0.7140625 0.02109375 0.01640625
0 0.92421875 0.94375 0.02890625 0.02734375
0 0.7296875 0.98671875 0.0359375 0.009375
0 0.40390625 0.9828125 0.03671875 0.01640625
0 0.60390625 0.15078125 0.04375 0.015625