0 0.42421875 0.17109375 0.05234375 0.015625
0 0.4890625 0.13984375 0.05390625 0.0234375
0 0.55703125 0.13125 0.03515625 0.02265625
0 0.72578125 0.1765625 0.028125 0.0265625
0 0.56171875 0.265625 0.0265625 0.02109375
0 0.80234375 0.3359375 0.03984375 0.0203125
0 0.81953125 0.39296875 0.02734375 0.02890625
0 0.64375 0.403125 0.03671875 0.02265625
0 0.6859375 0.425 0.0390625 0.01484375
0 0.6953125 0.40703125 0.0203125 0.01015625
0 0.7375 0.403125 0.01953125 0.01171875
0 0.5625 0.37890625 0.02421875 0.01484375
0 0.62890625 0.3953125 0.0296875 0.028125
0 0.77890625 0.475 0.0421875 0.02421875
0 0.89921875 0.4359375 0.021875 0.01875
0 0.92109375 0.41640625 0.034375 0.009375
0 0.91171875 0.39453125 0.02109375 0.02578125
0 0.91875 0.35703125 0.03359375 0.0203125
0 0.35859375 0.46484375 0.0203125 0.01640625
0 0.24609375 0.49296875 0.0171875 0.0171875
0 0.36171875 0.575 0.04921875 0.02421875
0 0.509375 0.6421875 0.04375 0.01875
0 0.5578125 0.60390625 0.03125 0.01171875
0 0.58515625 0.60546875 0.02734375 0.01015625
0 0.65078125 0.65078125 0.05078125 0.01796875
0 0.721875 0.6328125 0.034375 0.01328125
0 0.7484375 0.675 0.01796875 0.015625
0 0.77265625 0.69296875 0.0203125 0.01015625
0 0.80234375 0.73515625 0.034375 0.009375
0 0.82265625 0.7203125 0.02734375 0.0171875
0 0.89765625 0.6859375 0.0296875 0.01640625
0 0.93046875 0.66953125 0.021875 0.0203125
0 0.89453125 0.61015625 0.0234375 0.00859375
0 0.91640625 0.6171875 0.0203125 0.01171875
0 0.87734375 0.56875 0.0234375 0.01796875
0 0.90234375 0.56484375 0.01640625 0.01640625
0 0.93125 0.57265625 0.01875 0.0109375
0 0.9296875 0.528125 0.01328125 0.0109375
0 0.353125 0.71640625 0.01796875 0.01640625
0 0.4671875 0.7625 0.02578125 0.01328125
0 0.271875 0.753125 0.01953125 0.0171875
0 0.50078125 0.81484375 0.02421875 0.01328125
0 0.378125 0.86796875 0.025 0.0203125
0 0.278125 0.89921875 0.02734375 0.01484375
0 0.334375 0.8953125 0.0203125 0.01484375
0 0.678125 0.85234375 0.025 0.0125
0 0.7359375 0.834375 0.03125 0.015625
0 0.72421875 0.8078125 0.0296875 0.01953125
0 0.77265625 0.80859375 0.02265625 0.0171875
0 0.82890625 0.85546875 0.02421875 0.01015625
0 0.9015625 0.8171875 0.025 0.00859375
0 0.846875 0.78984375 0.02109375 0.01796875
0 0.40703125 0.93671875 0.0328125 0.01484375
0 0.334375 0.93828125 0.03671875 0.01015625