0 0.371875 0.54140625 0.046875 0.02265625
0 0.79609375 0.54921875 0.05 0.015625
0 0.4921875 0.6828125 0.03671875 0.01796875
0 0.296875 0.740625 0.0546875 0.02265625
0 0.409375 0.759375 0.04453125 0.02578125
0 0.603125 0.77265625 0.02421875 0.0203125
0 0.628125 0.82578125 0.03515625 0.02265625
0 0.67109375 0.79453125 0.02578125 0.021875
0 0.71328125 0.9171875 0.04765625 0.01171875
0 0.71875 0.9734375 0.0421875 0.015625
0 0.61484375 0.92578125 0.0265625 0.0234375
0 0.58203125 0.91875 0.0421875 0.01953125
0 0.52265625 0.909375 0.02578125 0.01796875
0 0.40625 0.89140625 0.05234375 0.0125
0 0.36796875 0.8671875 0.034375 0.01796875
0 0.26484375 0.9171875 0.07734375 0.0203125