0 0.684375 0.615625 0.0234375 0.01953125
0 0.5578125 0.5546875 0.02421875 0.01875
0 0.5953125 0.55078125 0.02734375 0.01171875
0 0.63515625 0.58828125 0.02734375 0.015625
0 0.6953125 0.53203125 0.0203125 0.015625
0 0.72578125 0.5375 0.025 0.02109375
0 0.6765625 0.68203125 0.02265625 0.01796875
0 0.72578125 0.765625 0.02109375 0.0203125
0 0.7546875 0.775 0.021875 0.02109375
0 0.62734375 0.765625 0.02421875 0.01484375
0 0.59140625 0.73046875 0.03125 0.01796875
0 0.3015625 0.7046875 0.03046875 0.01328125
0 0.29453125 0.5625 0.02734375 0.0171875
0 0.4796875 0.4421875 0.025 0.015625
0 0.50703125 0.43671875 0.03359375 0.01640625
0 0.6234375 0.43515625 0.0296875 0.0171875
0 0.71328125 0.4390625 0.01953125 0.01640625
0 0.69296875 0.48125 0.01484375 0.0140625
0 0.72109375 0.4203125 0.03515625 0.01640625
0 0.76171875 0.40234375 0.01875 0.0140625
0 0.6953125 0.41640625 0.0203125 0.01328125
0 0.6703125 0.8 0.0203125 0.01875
0 0.63515625 0.8609375 0.0203125 0.01640625
0 0.78828125 0.9 0.03359375 0.01484375