0 0.6234375 0.128125 0.04296875 0.0234375
0 0.640625 0.2859375 0.05234375 0.03125
0 0.2203125 0.290625 0.0609375 0.01640625
0 0.32578125 0.29609375 0.04375 0.02109375
0 0.1234375 0.35390625 0.02890625 0.009375
0 0.2171875 0.43828125 0.0546875 0.02578125
0 0.1875 0.50625 0.04765625 0.0203125
0 0.39140625 0.38984375 0.0453125 0.0234375
0 0.59375 0.4328125 0.059375 0.021875
0 0.509375 0.55390625 0.075 0.02109375
0 0.5125 0.5234375 0.0625 0.02265625
0 0.48828125 0.49921875 0.04453125 0.02421875
0 0.41015625 0.55 0.03984375 0.01953125
0 0.74609375 0.4859375 0.03984375 0.021875
0 0.4609375 0.63984375 0.0390625 0.01171875
0 0.4703125 0.6171875 0.04296875 0.0234375
0 0.503125 0.64453125 0.0375 0.0125
0 0.221875 0.725 0.0375 0.0171875
0 0.2671875 0.70078125 0.03359375 0.01796875
0 0.2984375 0.73671875 0.0578125 0.02265625
0 0.56015625 0.69140625 0.04609375 0.02578125
0 0.353125 0.76484375 0.04375 0.01484375
0 0.41171875 0.7625 0.05 0.0171875
0 0.48046875 0.7421875 0.04609375 0.01484375
0 0.43046875 0.79609375 0.01875 0.01953125
0 0.4625 0.828125 0.0421875 0.01953125
0 0.5328125 0.79453125 0.0390625 0.0234375
0 0.80234375 0.80078125 0.046875 0.028125
0 0.56875 0.86328125 0.0296875 0.01953125
0 0.58671875 0.8203125 0.05625 0.01796875
0 0.63984375 0.83359375 0.0390625 0.0171875
0 0.44765625 0.903125 0.04765625 0.0109375
0 0.73046875 0.903125 0.0578125 0.028125
0 0.76953125 0.75625 0.06015625 0.0234375