0 0.28203125 0.903125 0.0234375 0.0109375
0 0.228125 0.89140625 0.0203125 0.01015625
0 0.178125 0.85703125 0.021875 0.01328125
0 0.228125 0.859375 0.025 0.01015625
0 0.253125 0.8265625 0.034375 0.01953125
0 0.340625 0.715625 0.02578125 0.01015625
0 0.38359375 0.76171875 0.03125 0.01875
0 0.1828125 0.71328125 0.01796875 0.01171875
0 0.22109375 0.66328125 0.0203125 0.00859375
0 0.52265625 0.6796875 0.025 0.0078125
0 0.52578125 0.659375 0.03125 0.01484375
0 0.40703125 0.5671875 0.01875 0.00859375
0 0.21796875 0.5265625 0.02421875 0.01171875
0 0.4171875 0.55390625 0.028125 0.00703125
0 0.21328125 0.41015625 0.0421875 0.015625
0 0.425 0.3171875 0.04375 0.0125
0 0.34921875 0.18671875 0.02890625 0.01640625
0 0.484375 0.325 0.02421875 0.021875
0 0.6390625 0.25859375 0.04296875 0.015625
0 0.66171875 0.22890625 0.02734375 0.01328125
0 0.54453125 0.365625 0.07421875 0.0203125
0 0.61015625 0.36640625 0.04375 0.0140625
0 0.63359375 0.440625 0.04921875 0.02421875
0 0.63046875 0.50546875 0.04609375 0.01953125
0 0.571875 0.509375 0.02890625 0.01484375
0 0.55234375 0.55 0.03671875 0.01484375
0 0.69375 0.5390625 0.01875 0.015625
0 0.71796875 0.6234375 0.025 0.015625
0 0.74921875 0.60546875 0.025 0.0125
0 0.6265625 0.63984375 0.0671875 0.03359375
0 0.59921875 0.6703125 0.0578125 0.01484375
0 0.778125 0.67578125 0.02734375 0.015625
0 0.80859375 0.6859375 0.02421875 0.003125
0 0.8078125 0.61015625 0.01875 0.00625
0 0.79921875 0.60390625 0.0140625 0.0125
0 0.790625 0.51640625 0.028125 0.0125
0 0.78203125 0.46484375 0.028125 0.01796875
0 0.61640625 0.11171875 0.03203125 0.0140625
0 0.66640625 0.03359375 0.0234375 0.009375
0 0.375 0.04609375 0.0328125 0.01484375
0 0.31484375 0.0640625 0.04375 0.015625
0 0.2359375 0.08359375 0.03671875 0.0125