0 0.7 0.8453125 0.03125 0.0125
0 0.76796875 0.83671875 0.03984375 0.01796875
0 0.65078125 0.8078125 0.02265625 0.0125
0 0.70625 0.8078125 0.02578125 0.0140625
0 0.5453125 0.7921875 0.0375 0.01015625
0 0.7265625 0.6953125 0.02421875 0.01171875
0 0.6453125 0.63671875 0.03359375 0.01171875
0 0.44140625 0.6421875 0.028125 0.01875
0 0.3453125 0.46484375 0.05546875 0.01796875
0 0.56796875 0.34296875 0.03359375 0.0109375
0 0.53671875 0.23203125 0.03359375 0.02109375
0 0.4640625 0.14609375 0.04375 0.01875
0 0.5375 0.07734375 0.06875 0.0140625