0 0.70859375 0.865625 0.0390625 0.01953125
0 0.5484375 0.83671875 0.03203125 0.0203125
0 0.46484375 0.71328125 0.04765625 0.015625
0 0.540625 0.721875 0.02421875 0.0109375
0 0.58984375 0.753125 0.0265625 0.01484375
0 0.71171875 0.73359375 0.0234375 0.01328125
0 0.73125 0.75234375 0.0296875 0.01484375
0 0.70859375 0.6984375 0.021875 0.00703125
0 0.72578125 0.68984375 0.02734375 0.02109375
0 0.43828125 0.5984375 0.03828125 0.0140625
0 0.53203125 0.6328125 0.03125 0.0125
0 0.6578125 0.56484375 0.0453125 0.0265625
0 0.678125 0.48828125 0.02890625 0.01328125
0 0.725 0.50390625 0.0453125 0.0109375
0 0.6765625 0.5234375 0.04921875 0.01171875
0 0.58828125 0.5359375 0.0375 0.01328125
0 0.4296875 0.4890625 0.0328125 0.01015625
0 0.6390625 0.44140625 0.040625 0.01484375
0 0.7109375 0.45625 0.04140625 0.0125
0 0.6890625 0.43515625 0.01875 0.021875
0 0.74140625 0.440625 0.015625 0.0125
0 0.775 0.4515625 0.025 0.00859375
0 0.76953125 0.43984375 0.02109375 0.0140625
0 0.73046875 0.4953125 0.03671875 0.01171875
0 0.81328125 0.50234375 0.01875 0.01015625
0 0.73125 0.5515625 0.015625 0.01640625
0 0.7953125 0.53984375 0.03515625 0.015625
0 0.74609375 0.37578125 0.02890625 0.01015625
0 0.63359375 0.37578125 0.0234375 0.00859375
0 0.659375 0.396875 0.02421875 0.00859375
0 0.57265625 0.39921875 0.0375 0.0140625
0 0.303125 0.3328125 0.0390625 0.0140625
0 0.40546875 0.3296875 0.0265625 0.01328125
0 0.45 0.346875 0.03515625 0.01171875
0 0.5625 0.33984375 0.04296875 0.021875
0 0.6234375 0.32890625 0.025 0.01640625
0 0.640625 0.31875 0.0265625 0.0125
0 0.65703125 0.2890625 0.03359375 0.0125
0 0.703125 0.31484375 0.03671875 0.01171875
0 0.7640625 0.31484375 0.0359375 0.0140625
0 0.8203125 0.31484375 0.02890625 0.01015625
0 0.7421875 0.36171875 0.01015625 0.0203125
0 0.57890625 0.26796875 0.01640625 0.0140625
0 0.5078125 0.19921875 0.01640625 0.0140625
0 0.38984375 0.1703125 0.00859375 0.0140625
0 0.41875 0.14765625 0.02421875 0.015625
0 0.48125 0.15625 0.02734375 0.015625
0 0.60234375 0.2328125 0.02890625 0.00859375
0 0.675 0.23359375 0.03203125 0.01796875
0 0.7921875 0.2140625 0.0234375 0.01328125
0 0.7546875 0.20234375 0.0296875 0.0046875
0 0.6984375 0.18828125 0.0296875 0.01484375
0 0.6546875 0.21640625 0.0296875 0.01328125
0 0.80234375 0.19375 0.0265625 0.009375
0 0.83203125 0.19609375 0.03125 0.0125
0 0.8484375 0.18203125 0.0171875 0.0125