0 0.290625 0.93984375 0.05234375 0.01015625
0 0.4796875 0.90390625 0.04609375 0.01484375
0 0.55859375 0.91328125 0.0359375 0.015625
0 0.62265625 0.7578125 0.04375 0.01796875
0 0.73203125 0.78828125 0.03203125 0.021875
0 0.84921875 0.73203125 0.02734375 0.01640625
0 0.82109375 0.67734375 0.01484375 0.01484375
0 0.79140625 0.659375 0.02890625 0.0171875
0 0.60859375 0.61328125 0.0296875 0.01796875
0 0.4078125 0.6265625 0.03515625 0.01015625
0 0.4609375 0.56171875 0.046875 0.01484375
0 0.5359375 0.528125 0.034375 0.02109375
0 0.46875 0.2015625 0.03984375 0.01484375
0 0.58984375 0.2125 0.040625 0.0140625
0 0.46953125 0.1640625 0.04453125 0.01484375
0 0.52890625 0.14921875 0.03671875 0.01484375
0 0.7890625 0.190625 0.01796875 0.015625