0 0.55234375 0.1328125 0.0359375 0.0203125
0 0.4953125 0.14296875 0.034375 0.0203125
0 0.41796875 0.175 0.0328125 0.021875
0 0.72734375 0.18046875 0.02421875 0.01328125
0 0.8859375 0.134375 0.02265625 0.01796875
0 0.915625 0.18515625 0.05625 0.01953125
0 0.553125 0.26640625 0.0453125 0.02265625
0 0.7828125 0.36015625 0.02421875 0.01875
0 0.81796875 0.38515625 0.02578125 0.01875
0 0.865625 0.3984375 0.0265625 0.01640625
0 0.91796875 0.4046875 0.03828125 0.01875
0 0.88671875 0.440625 0.04375 0.0125
0 0.9203125 0.42265625 0.01875 0.01171875
0 0.74921875 0.41484375 0.03359375 0.01640625
0 0.6921875 0.42734375 0.02734375 0.01953125
0 0.73515625 0.4046875 0.01796875 0.01328125
0 0.628125 0.39765625 0.02890625 0.01484375
0 0.65078125 0.4078125 0.0171875 0.01640625
0 0.55859375 0.38515625 0.03515625 0.01640625
0 0.3640625 0.465625 0.04453125 0.01796875
0 0.2484375 0.4984375 0.0359375 0.02109375
0 0.3640625 0.58046875 0.04453125 0.01875
0 0.70390625 0.5046875 0.034375 0.01953125
0 0.9078125 0.53515625 0.015625 0.015625
0 0.909375 0.559375 0.0453125 0.0171875
0 0.928125 0.5671875 0.01640625 0.01796875
0 0.8734375 0.59609375 0.0296875 0.0171875
0 0.925 0.61328125 0.0234375 0.021875
0 0.7125 0.63671875 0.0359375 0.01796875
0 0.55078125 0.60625 0.0234375 0.0125
0 0.5734375 0.61484375 0.034375 0.02578125
0 0.6296875 0.653125 0.034375 0.02421875
0 0.50546875 0.6484375 0.03515625 0.01875
0 0.77734375 0.69140625 0.025 0.01640625
0 0.79921875 0.67421875 0.028125 0.0171875
0 0.78046875 0.73046875 0.02109375 0.01796875
0 0.890625 0.6859375 0.03515625 0.015625
0 0.9125 0.6703125 0.03984375 0.01875
0 0.7078125 0.77578125 0.03125 0.02109375
0 0.8359375 0.75859375 0.03359375 0.01484375
0 0.465625 0.7671875 0.05234375 0.01640625
0 0.34921875 0.71875 0.03828125 0.02109375
0 0.278125 0.75546875 0.03671875 0.015625
0 0.38046875 0.87421875 0.03984375 0.025
0 0.49609375 0.8171875 0.03515625 0.01328125
0 0.68984375 0.85703125 0.04375 0.01875
0 0.68203125 0.8390625 0.03203125 0.01875
0 0.33515625 0.90234375 0.03671875 0.01875
0 0.28359375 0.90859375 0.04765625 0.015625
0 0.33359375 0.94453125 0.0359375 0.0140625
0 0.39609375 0.94296875 0.03828125 0.021875
0 0.91875 0.95078125 0.02578125 0.01796875
0 0.90703125 0.9921875 0.0375 0.01484375
0 0.86953125 0.83671875 0.0359375 0.01640625
0 0.78125 0.79921875 0.0296875 0.0203125
0 0.896875 0.80234375 0.02109375 0.01953125
0 0.909375 0.82578125 0.03046875 0.01953125
0 0.92890625 0.7796875 0.02421875 0.0203125
0 0.94296875 0.80078125 0.0171875 0.01640625