0 0.49375 0.1171875 0.04296875 0.0109375
0 0.53359375 0.12265625 0.025 0.01171875
0 0.6 0.13828125 0.028125 0.01328125
0 0.4859375 0.165625 0.0640625 0.01796875
0 0.65625 0.19453125 0.034375 0.01875
0 0.903125 0.18828125 0.0359375 0.015625
0 0.50078125 0.2515625 0.03359375 0.01796875
0 0.6984375 0.2578125 0.02734375 0.01484375
0 0.76796875 0.31484375 0.02890625 0.0171875
0 0.88828125 0.3015625 0.0625 0.02265625
0 0.78984375 0.3125 0.028125 0.01171875
0 0.4265625 0.34296875 0.0359375 0.0171875
0 0.48671875 0.3515625 0.04140625 0.01875
0 0.628125 0.36796875 0.05 0.00859375
0 0.61796875 0.346875 0.0359375 0.01484375
0 0.6671875 0.3734375 0.05078125 0.0125
0 0.64453125 0.3609375 0.0296875 0.01171875
0 0.73828125 0.3703125 0.0359375 0.01953125
0 0.6390625 0.40625 0.02421875 0.01953125
0 0.7234375 0.42265625 0.0390625 0.0171875
0 0.82734375 0.396875 0.071875 0.009375
0 0.8859375 0.43515625 0.03359375 0.0140625
0 0.61796875 0.4640625 0.02734375 0.01875
0 0.64609375 0.465625 0.02421875 0.0125
0 0.6375 0.4515625 0.0234375 0.01015625
0 0.45625 0.4578125 0.01953125 0.0078125
0 0.4796875 0.459375 0.0265625 0.01015625
0 0.46875 0.4890625 0.0203125 0.0140625
0 0.51796875 0.47421875 0.028125 0.015625
0 0.371875 0.46171875 0.05625 0.021875
0 0.44453125 0.5328125 0.03359375 0.03046875
0 0.521875 0.53515625 0.03203125 0.01875
0 0.340625 0.5953125 0.05390625 0.0140625
0 0.37109375 0.57421875 0.04609375 0.015625
0 0.57109375 0.58359375 0.05 0.0140625
0 0.62578125 0.58203125 0.0375 0.01171875
0 0.6296875 0.5203125 0.040625 0.00625
0 0.7359375 0.5171875 0.02109375 0.01015625
0 0.62265625 0.56171875 0.03203125 0.01328125
0 0.853125 0.59296875 0.028125 0.0109375
0 0.5828125 0.6984375 0.03203125 0.0203125
0 0.59609375 0.67421875 0.0515625 0.0171875
0 0.58515625 0.6609375 0.03671875 0.01484375
0 0.6296875 0.64609375 0.0203125 0.01796875
0 0.496875 0.68359375 0.02578125 0.0125
0 0.2890625 0.6640625 0.0265625 0.0109375
0 0.23515625 0.6203125 0.06015625 0.01484375
0 0.3703125 0.759375 0.03828125 0.015625
0 0.6953125 0.66328125 0.021875 0.0125
0 0.76875 0.653125 0.02265625 0.0140625
0 0.9046875 0.6953125 0.01796875 0.0109375
0 0.90234375 0.6796875 0.02421875 0.01328125
0 0.92109375 0.6875 0.0140625 0.01171875
0 0.259375 0.7796875 0.028125 0.01484375
0 0.26875 0.83203125 0.0375 0.0234375
0 0.27109375 0.9109375 0.03359375 0.02421875
0 0.24296875 0.9375 0.03515625 0.01015625
0 0.34609375 0.91171875 0.0328125 0.01328125
0 0.3234375 0.94140625 0.02734375 0.00703125
0 0.440625 0.98671875 0.034375 0.01484375
0 0.65703125 0.89765625 0.0515625 0.01328125
0 0.51484375 0.82421875 0.0265625 0.0109375
0 0.6515625 0.76484375 0.03515625 0.01796875
0 0.7421875 0.76953125 0.046875 0.01796875
0 0.76953125 0.8140625 0.025 0.01796875
0 0.7578125 0.81796875 0.01875 0.01875
0 0.7 0.85625 0.025 0.01484375
0 0.703125 0.84375 0.02421875 0.009375
0 0.6703125 0.91875 0.0265625 0.01796875
0 0.7171875 0.921875 0.02578125 0.0171875
0 0.85859375 0.853125 0.0328125 0.01875
0 0.896875 0.85078125 0.03046875 0.01328125
0 0.85859375 0.890625 0.03125 0.01640625
0 0.890625 0.88984375 0.03359375 0.01171875
0 0.72734375 0.9484375 0.021875 0.015625
0 0.74921875 0.94140625 0.0265625 0.015625
0 0.7609375 0.934375 0.0140625 0.0078125
0 0.7390625 0.9875 0.025 0.009375
0 0.765625 0.984375 0.03046875 0.01484375
0 0.62265625 0.95546875 0.01796875 0.009375
0 0.8125 0.9609375 0.03203125 0.01015625
0 0.87421875 0.98359375 0.02578125 0.009375