0 0.359375 0.87109375 0.06953125 0.01640625
0 0.525 0.9125 0.0578125 0.0203125
0 0.74609375 0.8703125 0.0640625 0.01953125
0 0.8484375 0.90390625 0.02421875 0.02109375
0 0.57421875 0.82578125 0.0375 0.0265625
0 0.6984375 0.803125 0.03671875 0.021875
0 0.653125 0.7890625 0.053125 0.01796875
0 0.64140625 0.7640625 0.046875 0.01953125
0 0.73828125 0.78515625 0.03125 0.025
0 0.7796875 0.77734375 0.021875 0.02265625
0 0.79609375 0.76796875 0.0390625 0.02109375
0 0.7640625 0.74375 0.03203125 0.02421875
0 0.62734375 0.69375 0.025 0.02109375
0 0.65625 0.6890625 0.0234375 0.02109375
0 0.5046875 0.678125 0.03203125 0.0171875
0 0.24453125 0.6953125 0.04453125 0.01875
0 0.775 0.715625 0.0484375 0.02109375
0 0.81953125 0.69921875 0.0328125 0.0234375
0 0.621875 0.66796875 0.03828125 0.01875
0 0.6484375 0.65234375 0.040625 0.0125
0 0.6796875 0.6328125 0.02421875 0.021875
0 0.71796875 0.621875 0.025 0.015625
0 0.74140625 0.6125 0.0359375 0.01953125
0 0.51875 0.60390625 0.03515625 0.02578125
0 0.60546875 0.6078125 0.05625 0.02578125
0 0.66015625 0.6046875 0.03359375 0.028125
0 0.44140625 0.55390625 0.06328125 0.028125
0 0.7671875 0.5390625 0.04375 0.0140625
0 0.68671875 0.4703125 0.04140625 0.02578125
0 0.80546875 0.5140625 0.0390625 0.01796875
0 0.53359375 0.4203125 0.03359375 0.02109375
0 0.253125 0.43203125 0.05 0.021875
0 0.33671875 0.37421875 0.053125 0.02421875
0 0.5890625 0.3765625 0.05 0.0125
0 0.37890625 0.2953125 0.0609375 0.02578125
0 0.5203125 0.28671875 0.0484375 0.028125
0 0.25703125 0.25703125 0.07734375 0.02890625