0 0.63125 0.91640625 0.03984375 0.028125
0 0.540625 0.8640625 0.0359375 0.0109375
0 0.45234375 0.84453125 0.04140625 0.01953125
0 0.64921875 0.6984375 0.04375 0.01640625
0 0.78671875 0.61328125 0.028125 0.02109375
0 0.8453125 0.60234375 0.04140625 0.025
0 0.51484375 0.453125 0.0390625 0.01875
0 0.271875 0.4234375 0.0375 0.0265625
0 0.4484375 0.3890625 0.04453125 0.015625
0 0.525 0.31171875 0.05546875 0.01953125
0 0.7125 0.3484375 0.03828125 0.01484375
0 0.83046875 0.2984375 0.0609375 0.0171875
0 0.91640625 0.36171875 0.021875 0.021875
0 0.37734375 0.2296875 0.06171875 0.03125
0 0.6203125 0.175 0.0546875 0.01953125
0 0.41640625 0.20078125 0.046875 0.02109375
0 0.7171875 0.77578125 0.0359375 0.02265625