0 0.6734375 0.21953125 0.040625 0.025
0 0.51953125 0.35234375 0.05546875 0.0265625
0 0.25 0.45234375 0.05703125 0.02734375
0 0.57265625 0.4546875 0.06875 0.01640625
0 0.77265625 0.440625 0.04609375 0.01953125
0 0.4484375 0.52734375 0.05390625 0.01953125
0 0.59140625 0.5203125 0.0484375 0.01796875
0 0.58046875 0.50078125 0.05078125 0.0203125
0 0.81015625 0.8015625 0.053125 0.015625
0 0.81015625 0.77265625 0.040625 0.01953125
0 0.79140625 0.83515625 0.04921875 0.01640625
0 0.43359375 0.8078125 0.0515625 0.0203125