0 0.54140625 0.296875 0.0421875 0.02578125
0 0.4953125 0.4734375 0.0390625 0.01484375
0 0.53046875 0.48828125 0.03828125 0.0265625
0 0.62890625 0.47890625 0.05234375 0.0171875
0 0.61484375 0.26328125 0.0515625 0.01953125
0 0.66484375 0.61796875 0.03203125 0.02109375
0 0.696875 0.6734375 0.05234375 0.0234375
0 0.77109375 0.73359375 0.03515625 0.01875
0 0.83671875 0.7640625 0.059375 0.0359375
0 0.64609375 0.81875 0.05625 0.025
0 0.4921875 0.7234375 0.06484375 0.01328125
0 0.88125 0.65078125 0.06015625 0.03046875