0 0.5375 0.07109375 0.04375 0.0203125
0 0.5984375 0.1 0.028125 0.021875
0 0.646875 0.215625 0.02578125 0.01796875
0 0.5515625 0.246875 0.0375 0.0234375
0 0.46484375 0.2640625 0.0296875 0.01484375
0 0.45625 0.24375 0.01875 0.01484375
0 0.5359375 0.27421875 0.02421875 0.01015625
0 0.6140625 0.290625 0.0234375 0.01328125
0 0.42578125 0.30703125 0.02578125 0.01875
0 0.5 0.3515625 0.0234375 0.02109375
0 0.68515625 0.40625 0.02265625 0.0203125
0 0.7609375 0.409375 0.02734375 0.015625
0 0.54609375 0.4609375 0.04609375 0.02421875
0 0.63515625 0.52890625 0.02421875 0.01953125
0 0.5859375 0.6 0.0265625 0.02421875
0 0.61171875 0.59765625 0.03125 0.0171875
0 0.4046875 0.59296875 0.03203125 0.0234375
0 0.596875 0.7203125 0.04296875 0.0234375
0 0.4171875 0.75625 0.03046875 0.02265625
0 0.75546875 0.8421875 0.03671875 0.01875
0 0.6625 0.88046875 0.0375 0.01953125
0 0.44140625 0.96015625 0.0296875 0.0171875
0 0.46875 0.959375 0.02578125 0.0171875