0 0.32734375 0.91875 0.034375 0.02265625
0 0.8703125 0.9078125 0.0375 0.01875
0 0.89609375 0.9421875 0.025 0.01171875
0 0.89140625 0.89765625 0.02265625 0.01875
0 0.62578125 0.715625 0.03046875 0.01640625
0 0.51171875 0.7265625 0.025 0.015625
0 0.2734375 0.6796875 0.0421875 0.01484375
0 0.44296875 0.5765625 0.0375 0.015625
0 0.50234375 0.5921875 0.05 0.01640625
0 0.78203125 0.56484375 0.03046875 0.01875
0 0.8390625 0.59375 0.02109375 0.03046875
0 0.32890625 0.36953125 0.05546875 0.015625
0 0.8359375 0.4015625 0.028125 0.01796875