0 0.5203125 0.26171875 0.03515625 0.028125
0 0.6640625 0.1828125 0.04453125 0.02421875
0 0.790625 0.23359375 0.03359375 0.01640625
0 0.8484375 0.2765625 0.040625 0.01875
0 0.334375 0.4546875 0.0484375 0.021875
0 0.55 0.37890625 0.02578125 0.021875
0 0.60859375 0.39453125 0.02578125 0.0171875
0 0.59140625 0.51015625 0.03359375 0.021875
0 0.53046875 0.6140625 0.0328125 0.0265625
0 0.37890625 0.58359375 0.02265625 0.01640625
0 0.36171875 0.64453125 0.03125 0.01328125
0 0.4453125 0.70703125 0.03671875 0.0140625
0 0.55234375 0.6515625 0.03359375 0.01171875
0 0.66484375 0.575 0.03046875 0.01328125
0 0.740625 0.621875 0.02265625 0.0125
0 0.67109375 0.62578125 0.02734375 0.015625
0 0.67109375 0.596875 0.021875 0.009375
0 0.56171875 0.56796875 0.0203125 0.01875
0 0.64140625 0.565625 0.015625 0.0125
0 0.7359375 0.52734375 0.02109375 0.0140625
0 0.70546875 0.43515625 0.03359375 0.0125
0 0.70703125 0.41953125 0.0234375 0.0171875
0 0.7515625 0.41484375 0.02734375 0.0140625
0 0.85859375 0.384375 0.03359375 0.01796875
0 0.65078125 0.47578125 0.02109375 0.015625
0 0.72578125 0.48984375 0.025 0.01484375
0 0.7875 0.47421875 0.02734375 0.01640625
0 0.88671875 0.534375 0.0296875 0.01640625
0 0.75625 0.6890625 0.02109375 0.01796875
0 0.509375 0.6921875 0.028125 0.0125
0 0.33359375 0.71796875 0.02421875 0.01640625
0 0.540625 0.78359375 0.02421875 0.01796875
0 0.62421875 0.7359375 0.0265625 0.0171875
0 0.7328125 0.77109375 0.02578125 0.015625
0 0.7640625 0.7625 0.01875 0.01640625
0 0.890625 0.81875 0.0203125 0.01875
0 0.85 0.88671875 0.02890625 0.01875
0 0.715625 0.81796875 0.034375 0.02109375
0 0.68515625 0.865625 0.02421875 0.0203125
0 0.3546875 0.8703125 0.02109375 0.01953125
0 0.34296875 0.90234375 0.03515625 0.0171875
0 0.271875 0.8953125 0.0171875 0.0109375
0 0.44375 0.96484375 0.02578125 0.021875
0 0.8984375 0.725 0.01953125 0.0203125
0 0.88203125 0.67578125 0.021875 0.02109375
0 0.90703125 0.67734375 0.02109375 0.0171875
0 0.92421875 0.68125 0.025 0.015625
0 0.91875 0.61328125 0.015625 0.01875
0 0.7625 0.959375 0.0203125 0.01796875
0 0.9203125 0.90703125 0.01953125 0.01484375
0 0.840625 0.30703125 0.02421875 0.0140625
0 0.89140625 0.31171875 0.0140625 0.01328125
0 0.91484375 0.29921875 0.021875 0.0140625
0 0.91953125 0.253125 0.0234375 0.01875
0 0.90859375 0.2078125 0.021875 0.0140625
0 0.90859375 0.3640625 0.021875 0.0140625
0 0.909375 0.3453125 0.0265625 0.01328125
0 0.45625 0.165625 0.028125 0.0140625
0 0.49140625 0.134375 0.028125 0.01484375
0 0.5453125 0.128125 0.0265625 0.01328125